timestep,imu0_w,imu0_x,imu0_y,imu0_z,imu1_w,imu1_x,imu1_y,imu1_z,imu2_w,imu2_x,imu2_y,imu2_z,imu3_w,imu3_x,imu3_y,imu3_z,imu4_w,imu4_x,imu4_y,imu4_z,imu5_w,imu5_x,imu5_y,imu5_z
0,0.7120361328125,0.10589599609375,-0.6854248046875,-0.1090087890625,0.78948974609375,0.5953369140625,0.07867431640625,0.12646484375,-0.08935546875,-0.21978759765625,0.97027587890625,-0.04638671875,-0.0146484375,-0.22283935546875,0.9581298828125,-0.17901611328125,-0.0986328125,-0.20361328125,0.9739990234375,0.01068115234375,-0.10369873046875,-0.17889404296875,0.97808837890625,0.02294921875
1,0.712158203125,0.10577392578125,-0.685302734375,-0.1090087890625,0.7894287109375,0.59539794921875,0.0784912109375,0.12652587890625,-0.08917236328125,-0.2197265625,0.9703369140625,-0.04632568359375,-0.01446533203125,-0.22271728515625,0.95819091796875,-0.178955078125,-0.09844970703125,-0.20355224609375,0.9739990234375,0.01080322265625,-0.103759765625,-0.1788330078125,0.97808837890625,0.023193359375
2,0.712158203125,0.10577392578125,-0.685302734375,-0.1090087890625,0.7891845703125,0.595703125,0.07879638671875,0.12652587890625,-0.08941650390625,-0.21978759765625,0.97027587890625,-0.04608154296875,-0.0146484375,-0.2227783203125,0.95819091796875,-0.1787109375,-0.0986328125,-0.20367431640625,0.97393798828125,0.01104736328125,-0.103759765625,-0.1788330078125,0.97808837890625,0.023193359375
3,0.71234130859375,0.1060791015625,-0.68511962890625,-0.10870361328125,0.78948974609375,0.5953369140625,0.07855224609375,0.126708984375,-0.08917236328125,-0.2197265625,0.9703369140625,-0.0465087890625,-0.014404296875,-0.22271728515625,0.9581298828125,-0.17913818359375,-0.09844970703125,-0.20367431640625,0.9739990234375,0.0106201171875,-0.103759765625,-0.17889404296875,0.97808837890625,0.02313232421875
4,0.7124337799174331,0.1061715728861831,-0.6850271575825669,-0.1086111419575669,0.7893380767924331,0.5954885833638169,0.07897826740175586,0.12664856161162208,-0.08941527912050586,-0.21987884419418896,0.97027587890625,-0.046296696997805184,-0.014708247870505852,-0.22274749653793896,0.95819091796875,-0.17883423259824416,-0.09869262287050586,-0.2037353515625,0.97393798828125,0.010863033026755852,-0.10363647052675586,-0.17889404296875,0.97808837890625,0.023009029120505852
5,0.7125244140625,0.10626220703125,-0.6849365234375,-0.1085205078125,0.7894287109375,0.59539794921875,0.078857421875,0.126708984375,-0.08929443359375,-0.2198486328125,0.97027587890625,-0.04644775390625,-0.01458740234375,-0.22271728515625,0.95819091796875,-0.178955078125,-0.09857177734375,-0.2037353515625,0.97393798828125,0.0107421875,-0.103759765625,-0.17889404296875,0.97808837890625,0.02313232421875
6,0.7125086959787834,0.1062936431986831,-0.6849522415212166,-0.10850478972878344,0.7893833938649666,0.5953822311350334,0.0789498931986831,0.12675430144753344,-0.08924911652121656,-0.2198486328125,0.97027587890625,-0.04629608460493311,-0.01461883851118311,-0.22267196808371656,0.9581751998850334,-0.17886444397993312,-0.09858749542746656,-0.20367431640625,0.97393798828125,0.01083282164506689,-0.1037912017924331,-0.17889404296875,0.97808837890625,0.023100888051316888
7,0.71246337890625,0.10638427734375,-0.68499755859375,-0.10845947265625,0.7894287109375,0.5953369140625,0.07904052734375,0.126708984375,-0.08929443359375,-0.2198486328125,0.97027587890625,-0.04638671875,-0.01470947265625,-0.22271728515625,0.9581298828125,-0.178955078125,-0.0986328125,-0.20367431640625,0.97393798828125,0.0107421875,-0.103515625,-0.17889404296875,0.97808837890625,0.0230712890625
8,0.7124603169418896,0.10638611452236622,-0.6850000081652383,-0.10846008504912208,0.7893682881741221,0.5953973368258779,0.07855653284385451,0.12676940713837792,-0.08887086185723245,-0.2196063293661162,0.9703973368258779,-0.04626526083037207,-0.014224865763482442,-0.2224755941027383,0.9582513407321279,-0.17883362020537208,-0.09814881800010451,-0.2036151184286162,0.9739984110446279,0.010863645419627926,-0.10351929935723245,-0.17889526775449416,0.9780877665133779,0.023070676669627928
9,0.712158203125,0.1065673828125,-0.68524169921875,-0.1085205078125,0.7894287109375,0.5953369140625,0.0789794921875,0.126708984375,-0.0892333984375,-0.21978759765625,0.9703369140625,-0.04632568359375,-0.01458740234375,-0.22271728515625,0.95819091796875,-0.17889404296875,-0.09857177734375,-0.20379638671875,0.97393798828125,0.01080322265625,-0.1033935546875,-0.178955078125,0.97808837890625,0.023193359375
10,0.711925493833612,0.10680009210388797,-0.685474408510138,-0.1085205078125,0.7894607594978051,0.5953193588001672,0.07881700394544315,0.1265548655021948,-0.08907091019544315,-0.21974411776233277,0.9703514073604724,-0.046282203699832776,-0.014439407399665552,-0.22284241743311037,0.9581443761104724,-0.17891159823108277,-0.09834825394544315,-0.20381394198108277,0.9739524815792224,0.010846702550167224,-0.10371934769544315,-0.17909470369983277,0.9780418370479724,0.023007191941889632
11,0.71185302734375,0.10687255859375,-0.685546875,-0.1085205078125,0.78948974609375,0.59527587890625,0.07891845703125,0.12652587890625,-0.08917236328125,-0.21978759765625,0.9703369140625,-0.04632568359375,-0.0145263671875,-0.222900390625,0.9581298828125,-0.178955078125,-0.09844970703125,-0.203857421875,0.97393798828125,0.01080322265625,-0.103271484375,-0.17913818359375,0.97808837890625,0.02325439453125
12,0.7117272826740175,0.10702973943091555,-0.6856411835022993,-0.1085205078125,0.7893695129598662,0.5954867461852007,0.07855775762959866,0.12652587890625,-0.08878022771216555,-0.21969880068979933,0.9703665130513169,-0.04614625248223244,-0.014195266774665552,-0.22296510013848245,0.9581594818013169,-0.17874421084604933,-0.09811860661841555,-0.20389069522104933,0.9739675872700669,0.010982653767767558,-0.10346010137959866,-0.17923249209604933,0.9780569427388169,0.02312864986151756
13,0.71160888671875,0.107177734375,-0.68572998046875,-0.1085205078125,0.7894287109375,0.59539794921875,0.0787353515625,0.12652587890625,-0.08892822265625,-0.21978759765625,0.9703369140625,-0.0462646484375,-0.014152195142663042,-0.22301184612771738,0.9581776494565217,-0.17864194123641305,-0.0982666015625,-0.2039794921875,0.97393798828125,0.0108642578125,-0.10308837890625,-0.1793212890625,0.97802734375,0.0234375
14,0.7115435648123954,0.10732470866429766,-0.6857789718985159,-0.10848784685932274,0.7890667867501046,0.5959550226013796,0.0784224188048704,0.12642013907033864,-0.08864366410169314,-0.21960877893760453,0.9704263234218228,-0.04578494068770903,-0.013920302375104514,-0.22298204300794314,0.9582029616952341,-0.17847537037520902,-0.09787630317203178,-0.2039064133047659,0.9739826929609113,0.01122189524979097,-0.10318636176578178,-0.17938661096885453,0.9780110132734113,0.02330685618729097
15,0.71136474609375,0.10772705078125,-0.6859130859375,-0.1083984375,0.78924560546875,0.59564208984375,0.0787353515625,0.12646484375,-0.0888671875,-0.21978759765625,0.9703369140625,-0.046142578125,-0.014046455306751672,-0.22318801114391723,0.9580951805497492,-0.17873645386966974,-0.0980743102006689,-0.20403174971258362,0.9739467659124164,0.010969589386496654,-0.1029052734375,-0.1795654296875,0.97802734375,0.023681640625
16,0.71112060546875,0.10833740234375,-0.6861572265625,-0.10821533203125,0.7891845703125,0.59576416015625,0.078857421875,0.126220703125,-0.08892822265625,-0.21978759765625,0.9703369140625,-0.046142578125,-0.0140380859375,-0.223388671875,0.95806884765625,-0.1787109375,-0.0980224609375,-0.2042236328125,0.973876953125,0.010986328125,-0.103271484375,-0.17974853515625,0.97796630859375,0.0230712890625
17,0.71112060546875,0.10833740234375,-0.6861572265625,-0.10821533203125,0.7891845703125,0.59576416015625,0.078857421875,0.126220703125,-0.08892822265625,-0.21978759765625,0.9703369140625,-0.046142578125,-0.0140380859375,-0.223388671875,0.95806884765625,-0.1787109375,-0.0980224609375,-0.2042236328125,0.973876953125,0.010986328125,-0.102783203125,-0.17974853515625,0.97802734375,0.0235595703125
18,0.7108848342130016,0.108620327850648,-0.6863458435670987,-0.10826248628239966,0.7891096542511497,0.5958807189329013,0.07874637463419733,0.12615966796875,-0.088722866913148,-0.21973207403584866,0.9703646758727007,-0.045978865097199,-0.013893765350647994,-0.22342745675689799,0.9580966094664507,-0.178547224472199,-0.09780322428929766,-0.20435121466084866,0.9738908340301003,0.011163922057901338,-0.10311328288304766,-0.17993715216084866,0.9779330352477007,0.023370953307901336
19,0.7108154296875,0.10870361328125,-0.6864013671875,-0.1082763671875,0.78912353515625,0.5958251953125,0.078857421875,0.12615966796875,-0.08880615234375,-0.21978759765625,0.9703369140625,-0.0460205078125,-0.013660239535430604,-0.22339193797031773,0.9581084490619775,-0.17850966437604515,-0.097900390625,-0.20440673828125,0.973876953125,0.0111083984375,-0.1026611328125,-0.17987060546875,0.97796630859375,0.02349853515625
20,0.7106551868859741,0.10873566184155518,-0.6865295614287208,-0.10830841574780518,0.7890625,0.59600830078125,0.0783783265180811,0.12609557084813963,-0.0885101624555811,-0.2195755055915552,0.9704269358146949,-0.0458984375,-0.013681060893081104,-0.22339173383936037,0.9580978342521949,-0.178466796875,-0.09763644929713629,-0.2042556813728052,0.9739059397209449,0.01123046875,-0.1028534241743311,-0.1799026540290552,0.97796630859375,0.02349853515625
21,0.71051025390625,0.1087646484375,-0.6866455078125,-0.10833740234375,0.7890625,0.59600830078125,0.07855224609375,0.12603759765625,-0.08868408203125,-0.2196044921875,0.97039794921875,-0.0458984375,-0.013659014749686456,-0.22342521131636706,0.9581178390860159,-0.1782953268708194,-0.09783935546875,-0.20428466796875,0.973876953125,0.01123046875,-0.1025390625,-0.17999267578125,0.97796630859375,0.0238037109375
22,0.7104763681673286,0.10888324852372491,-0.6866793935514214,-0.10830351660482859,0.7887471176708821,0.5964729028401965,0.0783758769465928,0.1260545405257107,-0.08830766454588211,-0.2195773427701714,0.9704861337923286,-0.04552875633622491,-0.013400584957671404,-0.2234395004833821,0.9581570322298286,-0.1781581508674749,-0.09734086767088211,-0.2043354965771321,0.9739210454117893,0.01155605762698579,-0.10258989110838211,-0.1800265615201714,0.97796630859375,0.023685110851275087
23,0.71038818359375,0.10919189453125,-0.686767578125,-0.10821533203125,0.78887939453125,0.59625244140625,0.07855224609375,0.1260986328125,-0.08843994140625,-0.21966552734375,0.97039794921875,-0.04583740234375,-0.01318359375,-0.22344970703125,0.95819091796875,-0.1778564453125,-0.09747314453125,-0.2044677734375,0.973876953125,0.01129150390625,-0.10235595703125,-0.18011474609375,0.97796630859375,0.0240478515625
24,0.7103808348792852,0.10920842913879598,-0.6867730896608487,-0.10821349485263378,0.7883984619957148,0.5969128050533027,0.07826176774142977,0.12591920170098245,-0.0882049866743311,-0.2194916077680811,0.9705163451740175,-0.045239911031563544,-0.013192779643081106,-0.2234607301029473,0.9581872436115175,-0.17786930556281355,-0.09705692150919733,-0.2044140869957149,0.9739361511026338,0.011827960062186452,-0.1023651429243311,-0.1801239319868311,0.9779644714151338,0.024033154133570232
25,0.71014404296875,0.1097412109375,-0.68695068359375,-0.108154296875,0.78863525390625,0.5965576171875,0.0787353515625,0.12603759765625,-0.0885009765625,-0.21978759765625,0.97039794921875,-0.045654296875,-0.01315685259458612,-0.22364995950041805,0.9581241671456939,-0.1780070939590301,-0.097412109375,-0.20465087890625,0.973876953125,0.01141357421875,-0.1021728515625,-0.18035888671875,0.97796630859375,0.02398681640625
26,0.71014404296875,0.1097412109375,-0.68695068359375,-0.108154296875,0.7885397206182065,0.5967009171195652,0.0783532184103261,0.12598983101222827,-0.08821437669836957,-0.21959653108016305,0.9704934825067935,-0.04546323029891305,-0.01312255859375,-0.2236328125,0.9581298828125,-0.177978515625,-0.09698486328125,-0.2044677734375,0.97393798828125,0.0115966796875,-0.1021728515625,-0.18035888671875,0.97796630859375,0.02398681640625
27,0.70989990234375,0.1099853515625,-0.6871337890625,-0.10809326171875,0.78863525390625,0.5965576171875,0.07861328125,0.1258544921875,-0.08843994140625,-0.21966552734375,0.970458984375,-0.045654296875,-0.01316563022575251,-0.22369527657295152,0.9581090614548495,-0.1781214072951505,-0.0972900390625,-0.20458984375,0.973876953125,0.01141357421875,-0.1021728515625,-0.18035888671875,0.97796630859375,0.02386474609375
28,0.7098345804373954,0.11008333442203178,-0.6871991109688546,-0.10809326171875,0.7885458445469272,0.5966754007498954,0.07846712348453178,0.1259765625,-0.08829378364078178,-0.21966981409385453,0.970458984375,-0.04559754846885451,-0.013159506297031772,-0.22373079535953178,0.9580972218593228,-0.17816590784385453,-0.09714388129703178,-0.20453309534385453,0.9739053273280728,0.011470322624895486,-0.10227083442203178,-0.18042420862510453,0.9779336476405728,0.023766763234218228
29,0.70977783203125,0.11016845703125,-0.687255859375,-0.10809326171875,0.78857421875,0.59661865234375,0.07855224609375,0.1259765625,-0.08837890625,-0.2197265625,0.970458984375,-0.045654296875,-0.013194412690739966,-0.22376570175323995,0.958093955764005,-0.17812222381897994,-0.09722900390625,-0.20458984375,0.973876953125,0.01141357421875,-0.1021728515625,-0.1805419921875,0.9779052734375,0.02392578125
30,0.7097602767689172,0.11016845703125,-0.6872734146373328,-0.10805815119408445,0.7883476333873328,0.5969673080189172,0.07855224609375,0.12600248713158446,-0.08829194646216555,-0.21964797208141723,0.970458984375,-0.045427711512332776,-0.013140113856082776,-0.22367629239391723,0.9581298828125,-0.17801362614966554,-0.09712448885608277,-0.20461576838158446,0.9738945083873328,0.011622604319084448,-0.10220796208716555,-0.18050688166283446,0.9779052734375,0.023908225987667224
31,0.709716796875,0.11016845703125,-0.68731689453125,-0.10797119140625,0.78839111328125,0.596923828125,0.07855224609375,0.12591552734375,-0.08837890625,-0.2196044921875,0.970458984375,-0.04547119140625,-0.01318359375,-0.22381591796875,0.9581298828125,-0.177734375,-0.09716796875,-0.20452880859375,0.97393798828125,0.01153564453125,-0.10223388671875,-0.18060302734375,0.9779052734375,0.02423095703125
32,0.709716796875,0.11017580574571488,-0.68731689453125,-0.10796384269178512,0.7880932862144648,0.5972802407765468,0.078857421875,0.12603759765625,-0.08831787109375,-0.21978759765625,0.970458984375,-0.045175813910953176,-0.01318359375,-0.22381591796875,0.9581298828125,-0.17774417328595318,-0.09716796875,-0.2048315348035117,0.973876953125,0.011892057182796822,-0.10223388671875,-0.1806005777722617,0.9779052734375,0.024221158745296824
33,0.709716796875,0.1103515625,-0.68731689453125,-0.1077880859375,0.78826904296875,0.5970458984375,0.078857421875,0.12603759765625,-0.08831787109375,-0.21978759765625,0.970458984375,-0.04541015625,-0.01318359375,-0.22398371361569816,0.9581298828125,-0.17781071997805184,-0.09716796875,-0.20477294921875,0.973876953125,0.01165771484375,-0.10223388671875,-0.18084716796875,0.97784423828125,0.02410888671875
34,0.709716796875,0.1103515625,-0.68731689453125,-0.1077880859375,0.78826904296875,0.5969975194006062,0.07880904283810619,0.12618273476693143,-0.08822111301996237,-0.21993273476693143,0.9704106053381062,-0.04541015625,-0.01318359375,-0.2239990234375,0.9581298828125,-0.17779541015625,-0.0970458984375,-0.2049560546875,0.97381591796875,0.01177978515625,-0.10223388671875,-0.18084716796875,0.97784423828125,0.02410888671875
35,0.709716796875,0.1102294921875,-0.6873779296875,-0.10760498046875,0.788330078125,0.596923828125,0.0787353515625,0.1259765625,-0.08819580078125,-0.2197265625,0.970458984375,-0.04541015625,-0.01312255859375,-0.22393798828125,0.95806884765625,-0.177978515625,-0.09710693359375,-0.2047119140625,0.973876953125,0.01171875,-0.10223388671875,-0.18072509765625,0.97784423828125,0.02398681640625
36,0.709716796875,0.110129672149352,-0.6873779296875,-0.107505160430602,0.7884243866272993,0.5968017578125,0.07860776971415134,0.12618191824310201,-0.0880126953125,-0.2195934691158027,0.9704922577210493,-0.0455322265625,-0.01312255859375,-0.2238048948970527,0.9581021210022993,-0.177978515625,-0.09707366024770067,-0.2047008909908027,0.9739102264710493,0.0115966796875,-0.10223388671875,-0.1805920042720527,0.9778775116272993,0.024020089752299332
37,0.709716796875,0.11004638671875,-0.6873779296875,-0.107421875,0.7884521484375,0.5968017578125,0.07855224609375,0.1260986328125,-0.0880126953125,-0.219482421875,0.97052001953125,-0.0455322265625,-0.01312255859375,-0.2237548828125,0.9581298828125,-0.1778564453125,-0.0970458984375,-0.20458984375,0.97393798828125,0.0115966796875,-0.102294921875,-0.1806640625,0.9779052734375,0.024169921875
38,0.7097349645302049,0.11013722499477424,-0.6873779296875,-0.1073855396895903,0.7884274485916597,0.5968511575041806,0.07875351921770485,0.1259518626541597,-0.08811659796979515,-0.2195797923416597,0.9705018518760451,-0.04537892421352425,-0.013104390938545152,-0.22377305046770485,0.9581117151572951,-0.17794728358852424,-0.09710693359375,-0.2047482493729097,0.973876953125,0.011749982036475756,-0.10227675421979515,-0.18068223015520485,0.9778871057822951,0.024079083598975756
39,0.70977783203125,0.1103515625,-0.6873779296875,-0.1072998046875,0.78851318359375,0.5966796875,0.07879638671875,0.12603759765625,-0.08807373046875,-0.21966552734375,0.970458984375,-0.04559326171875,-0.01312255859375,-0.223876953125,0.95806884765625,-0.17803955078125,-0.09710693359375,-0.204833984375,0.973876953125,0.01153564453125,-0.10211181640625,-0.180908203125,0.97784423828125,0.02398681640625
40,0.7097808939956104,0.11034850053563963,-0.6873748677231396,-0.1072998046875,0.7885711567856396,0.5966217143081104,0.07891233310252926,0.12604065962061037,-0.08800963334813963,-0.21947935991063963,0.97052001953125,-0.04547119140625,-0.013116434665029264,-0.22387389116063963,0.9580719096206104,-0.17803648881688963,-0.09703977450877926,-0.20489501953125,0.973876953125,0.01165771484375,-0.10210875444188963,-0.18090514116063963,0.97784423828125,0.02398681640625
41,0.7098388671875,0.11029052734375,-0.68731689453125,-0.1072998046875,0.78851318359375,0.5966796875,0.07879638671875,0.1260986328125,-0.08795166015625,-0.21942138671875,0.97052001953125,-0.04547119140625,-0.01287841796875,-0.22369384765625,0.9581298828125,-0.17791748046875,-0.096923828125,-0.20489501953125,0.973876953125,0.01165771484375,-0.10186767578125,-0.180908203125,0.97784423828125,0.02398681640625
42,0.7098388671875,0.11029052734375,-0.68731689453125,-0.1072998046875,0.7883662093044523,0.5968756532190636,0.07879638671875,0.12600064995296822,-0.08785367729671822,-0.2193723952889841,0.9705690109610159,-0.04537320854671823,-0.01287841796875,-0.22369384765625,0.9581298828125,-0.17791748046875,-0.09674072265625,-0.204833984375,0.973876953125,0.01177978515625,-0.10186767578125,-0.180908203125,0.97784423828125,0.02398681640625
43,0.7098388671875,0.11029052734375,-0.687255859375,-0.10723876953125,0.78839111328125,0.596923828125,0.0787353515625,0.1259765625,-0.0877685546875,-0.21929931640625,0.9705810546875,-0.04541015625,-0.0128173828125,-0.22357177734375,0.95819091796875,-0.1778564453125,-0.0966796875,-0.20477294921875,0.973876953125,0.01171875,-0.1016845703125,-0.180908203125,0.9779052734375,0.02410888671875
44,0.7098727529264214,0.1103582988215928,-0.6872219736360786,-0.10727265527017141,0.7883233418034072,0.5969915996028428,0.0788031230403428,0.1259765625,-0.08773466894857859,-0.21924501757159282,0.9706082041048286,-0.0453219716764214,-0.012783497073578596,-0.22363954882159282,0.9581570322298286,-0.1778903310514214,-0.0965508808659072,-0.20484072069659282,0.9739041025423286,0.011806934573578596,-0.10165068457357859,-0.18097597460284282,0.9779052734375,0.024075000979828596
45,0.70989990234375,0.11041259765625,-0.68719482421875,-0.1072998046875,0.78826904296875,0.5970458984375,0.078857421875,0.1259765625,-0.08770751953125,-0.21929931640625,0.9705810546875,-0.04534912109375,-0.01263427734375,-0.2236328125,0.95819091796875,-0.1778564453125,-0.09649658203125,-0.20489501953125,0.973876953125,0.01177978515625,-0.1014404296875,-0.1810302734375,0.9779052734375,0.02410888671875
46,0.7098811222956731,0.11039381760817307,-0.6872136042668269,-0.1072998046875,0.7882502629206731,0.5970646784855769,0.07881986177884615,0.12593900240384615,-0.08748215895432693,-0.21928053635817307,0.97064208984375,-0.04533034104567307,-0.012653057391826924,-0.2236328125,0.95819091796875,-0.17783766526442307,-0.09635103665865385,-0.20493727463942307,0.97393798828125,0.01171875,-0.10145920973557693,-0.1810302734375,0.9779052734375,0.02410888671875
47,0.7098388671875,0.1103515625,-0.687255859375,-0.1072998046875,0.7882080078125,0.59710693359375,0.0787353515625,0.1258544921875,-0.0875244140625,-0.21923828125,0.97064208984375,-0.0452880859375,-0.0125732421875,-0.2235107421875,0.95819091796875,-0.1778564453125,-0.096435546875,-0.20489501953125,0.97393798828125,0.01171875,-0.101318359375,-0.1810302734375,0.9779052734375,0.02410888671875
48,0.7098425415447325,0.11034421378553512,-0.687255859375,-0.1072998046875,0.7882080078125,0.5971106079509825,0.07885007316053512,0.1258544921875,-0.08734130859375,-0.21917357173651755,0.9706457642009825,-0.04521970206678511,-0.012569567830267558,-0.22350706783026755,0.9581945923259825,-0.17785277095526755,-0.09630980220526755,-0.2049487059730351,0.97393798828125,0.011787133870714884,-0.10131468501776755,-0.18102659908026755,0.9779052734375,0.024116235433214884
49,0.70989990234375,0.1102294921875,-0.687255859375,-0.1072998046875,0.7882080078125,0.59716796875,0.0787353515625,0.1258544921875,-0.08734130859375,-0.2191162109375,0.970703125,-0.04510498046875,-0.012451171875,-0.2235107421875,0.958251953125,-0.177734375,-0.09625244140625,-0.204833984375,0.97393798828125,0.01190185546875,-0.10113525390625,-0.18109130859375,0.9779052734375,0.024169921875
50,0.70989990234375,0.1102294921875,-0.687255859375,-0.1072998046875,0.7882080078125,0.59716796875,0.07878495538513795,0.1258544921875,-0.08719249712583613,-0.2191162109375,0.970703125,-0.04510498046875,-0.012451171875,-0.2235107421875,0.958251953125,-0.177734375,-0.09613037109375,-0.20489501953125,0.97393798828125,0.01190185546875,-0.10113525390625,-0.18109130859375,0.9779052734375,0.024169921875
51,0.7098388671875,0.11016845703125,-0.68731689453125,-0.1072998046875,0.7882080078125,0.59716796875,0.07879638671875,0.12579345703125,-0.08721923828125,-0.2191162109375,0.970703125,-0.0450439453125,-0.0123291015625,-0.22344970703125,0.958251953125,-0.177734375,-0.09619140625,-0.204833984375,0.97393798828125,0.01190185546875,-0.10101318359375,-0.1810302734375,0.9779052734375,0.02423095703125
52,0.7098043690557065,0.11020295516304347,-0.6873513926630435,-0.10726530655570653,0.7882080078125,0.59716796875,0.07872739045516304,0.1257589588994565,-0.08707063094429347,-0.218994140625,0.97076416015625,-0.04499087126358695,-0.012398097826086956,-0.22344970703125,0.958251953125,-0.1777688731317935,-0.09598176375679347,-0.204833984375,0.9739645253057065,0.011867357336956522,-0.10108217985733696,-0.1810302734375,0.9779052734375,0.024196458899456524
53,0.70977783203125,0.1102294921875,-0.6873779296875,-0.10723876953125,0.7882080078125,0.59716796875,0.07867431640625,0.125732421875,-0.08709716796875,-0.218994140625,0.97076416015625,-0.0450439453125,-0.01239013671875,-0.223388671875,0.958251953125,-0.17767333984375,-0.09600830078125,-0.204833984375,0.97393798828125,0.0118408203125,-0.10101318359375,-0.1810302734375,0.9779052734375,0.02423095703125
54,0.70977783203125,0.110268277069398,-0.687358537246551,-0.10721937709030101,0.788246792694398,0.597109791427153,0.07877127861099498,0.125751814315949,-0.08719984584030101,-0.218994140625,0.97076416015625,-0.04502169503814799,-0.01239013671875,-0.223388671875,0.958251953125,-0.17771212472564799,-0.0960693359375,-0.204833984375,0.97393798828125,0.011863070586852008,-0.10101318359375,-0.1810302734375,0.977924665878449,0.024192172149352008
55,0.70977783203125,0.1103515625,-0.68731689453125,-0.107177734375,0.788330078125,0.59698486328125,0.0789794921875,0.12579345703125,-0.087158203125,-0.218994140625,0.97076416015625,-0.04510498046875,-0.01251220703125,-0.223388671875,0.958251953125,-0.17779541015625,-0.0960693359375,-0.204833984375,0.97393798828125,0.01177978515625,-0.1011962890625,-0.1810302734375,0.9779052734375,0.02410888671875
56,0.7097906922815636,0.1103515625,-0.687308321031041,-0.10717344762489549,0.788338651625209,0.5969720030309364,0.0789794921875,0.12580203053145902,-0.08732844834343646,-0.21905088903114547,0.9707074117501046,-0.04510498046875,-0.012516493781354514,-0.223388671875,0.958251953125,-0.17779541015625,-0.09623529440583194,-0.20482969762489547,0.9739422750313546,0.011836533562395486,-0.10117914206208194,-0.18102598668739547,0.9779095601876046,0.024104599968645484
57,0.7099609375,0.1103515625,-0.68719482421875,-0.10711669921875,0.7884521484375,0.5968017578125,0.0789794921875,0.12591552734375,-0.087158203125,-0.218994140625,0.97076416015625,-0.04510498046875,-0.0125732421875,-0.223388671875,0.958251953125,-0.17779541015625,-0.09600830078125,-0.20477294921875,0.9739990234375,0.01177978515625,-0.10124099374216138,-0.18102700734218227,0.9779085395328178,0.024163389684364548
58,0.7099609375,0.1103515625,-0.68719482421875,-0.10711669921875,0.7884521484375,0.5968017578125,0.0789794921875,0.12591552734375,-0.0873088517715301,-0.21904435684051005,0.97071394394074,-0.04515519668426003,-0.0125732421875,-0.223388671875,0.958251953125,-0.17779541015625,-0.09620916564329013,-0.20487338164977006,0.97394880722199,0.011830001371760034,-0.10125732421875,-0.1810302734375,0.9779052734375,0.024169921875
59,0.71014404296875,0.11029052734375,-0.68701171875,-0.1070556640625,0.78857421875,0.59661865234375,0.0789794921875,0.12591552734375,-0.08709716796875,-0.218994140625,0.97076416015625,-0.045166015625,-0.0125732421875,-0.223388671875,0.958251953125,-0.17779541015625,-0.09600830078125,-0.20477294921875,0.9739990234375,0.0118408203125,-0.10109851033392558,-0.18099352986517558,0.9779236452236622,0.024212585245087792
60,0.7102142640180811,0.1102203062944189,-0.6869766082253345,-0.10702055353783445,0.78857421875,0.5966537628684155,0.0789794921875,0.12591552734375,-0.0871490172319189,-0.2189849547319189,0.9707382355246655,-0.045166015625,-0.012503021138168896,-0.2233184508256689,0.9582870636496655,-0.17776029963158446,-0.0959991148881689,-0.2048858336381689,0.9739730988059155,0.011875930837165552,-0.1010650328569189,-0.1809600523881689,0.9779403839621655,0.024266067555915552
61,0.71026611328125,0.11016845703125,-0.68695068359375,-0.10699462890625,0.78857421875,0.5966796875,0.0789794921875,0.12591552734375,-0.08709716796875,-0.21893310546875,0.97076416015625,-0.045166015625,-0.01251220703125,-0.2232666015625,0.95831298828125,-0.177734375,-0.095947265625,-0.204833984375,0.9739990234375,0.01190185546875,-0.1011962890625,-0.1810302734375,0.9779052734375,0.0242919921875
62,0.710286118115071,0.11016845703125,-0.686930678759929,-0.10693461440478678,0.788594223583821,0.5966396778323578,0.07895948735367893,0.12589552250992894,-0.08707716313492893,-0.21901516611360786,0.970723129833821,-0.045144990136392144,-0.01253221186507107,-0.22330661123014214,0.958292983447429,-0.177734375,-0.09604933110367893,-0.20491604501985786,0.97393798828125,0.011922880957357858,-0.10117628422867893,-0.18099026376985786,0.977925278271321,0.02425198251985786
63,0.7103271484375,0.11016845703125,-0.6868896484375,-0.1068115234375,0.78863525390625,0.5965576171875,0.07891845703125,0.1258544921875,-0.0870361328125,-0.21893310546875,0.97076416015625,-0.04522705078125,-0.0125732421875,-0.223388671875,0.958251953125,-0.177734375,-0.09600830078125,-0.204833984375,0.97393798828125,0.0118408203125,-0.1011962890625,-0.18109130859375,0.9779052734375,0.0242919921875
64,0.7103320475804766,0.11017335617422659,-0.6868847492945234,-0.10680172515154682,0.7886450521922032,0.5965478189015468,0.07892335617422659,0.12584959304452342,-0.08709226882577341,-0.21905027663827342,0.9707080241429766,-0.04518071305392977,-0.012568343044523412,-0.223388671875,0.958251953125,-0.17773927414297658,-0.09600340163827341,-0.20495115554452342,0.97393798828125,0.011953092339046822,-0.10118649077654682,-0.18108640945077342,0.9779052734375,0.024282193901546824
65,0.71038818359375,0.1102294921875,-0.68682861328125,-0.106689453125,0.78875732421875,0.596435546875,0.0789794921875,0.12579345703125,-0.0870361328125,-0.218994140625,0.97076416015625,-0.04534912109375,-0.01251220703125,-0.223388671875,0.958251953125,-0.17779541015625,-0.095947265625,-0.20489501953125,0.97393798828125,0.0118408203125,-0.10107421875,-0.1811470363451087,0.9779052734375,0.024111540421195652
66,0.71038818359375,0.1102294921875,-0.68682861328125,-0.106689453125,0.78875732421875,0.596435546875,0.0789794921875,0.12579345703125,-0.08693447559573579,-0.21909579784176422,0.9707133315478679,-0.04534912109375,-0.01251220703125,-0.223388671875,0.958251953125,-0.17779541015625,-0.095947265625,-0.20499667674801422,0.97393798828125,0.011789991704117894,-0.10107421875,-0.18115234375,0.9779052734375,0.02410888671875
67,0.71044921875,0.11004638671875,-0.68682861328125,-0.1065673828125,0.7886962890625,0.596435546875,0.0789794921875,0.1258544921875,-0.08685302734375,-0.2188720703125,0.97076416015625,-0.0452880859375,-0.01251220703125,-0.22332763671875,0.958251953125,-0.1778564453125,-0.09588623046875,-0.20477294921875,0.9739990234375,0.0118408203125,-0.1011430108826296,-0.18109906557012959,0.9779230328307902,0.024169921875
68,0.7104849416675376,0.10997494088367475,-0.6867928903637124,-0.10649593697742475,0.7886962890625,0.5964712697925376,0.0789794921875,0.12589021510503762,-0.08687833958246237,-0.21900904218488712,0.9707388479175376,-0.04534912109375,-0.01251220703125,-0.22332763671875,0.958251953125,-0.17778499947742474,-0.09593685494617475,-0.20490992109113712,0.9739737111987876,0.011876543230037626,-0.10112484322742475,-0.18104517499738712,0.9779409963550376,0.024169921875
69,0.71051025390625,0.10992431640625,-0.686767578125,-0.1064453125,0.7886962890625,0.59649658203125,0.0789794921875,0.12591552734375,-0.08685302734375,-0.21893310546875,0.97076416015625,-0.04534912109375,-0.01251220703125,-0.22332763671875,0.958251953125,-0.177734375,-0.09588623046875,-0.204833984375,0.9739990234375,0.01190185546875,-0.10110238882211538,-0.18105374849759615,0.9779381385216346,0.024226262019230768
70,0.7105308711329431,0.10988308195286371,-0.686767578125,-0.10640407804661371,0.7887169062891931,0.5964553475778637,0.0789794921875,0.12589491011705686,-0.08683241011705686,-0.21895290617161373,0.97076416015625,-0.04534912109375,-0.012553441484636286,-0.22328640226536373,0.9582725703516931,-0.177734375,-0.09592664839830686,-0.20489420300742056,0.9739586055079431,0.011922472695443144,-0.10111463667955686,-0.18109049206992056,0.9779258906641931,0.0242919921875
71,0.7105712890625,0.10980224609375,-0.686767578125,-0.1063232421875,0.78875732421875,0.59637451171875,0.0789794921875,0.1258544921875,-0.0867919921875,-0.2188720703125,0.97076416015625,-0.04534912109375,-0.01263427734375,-0.22320556640625,0.95831298828125,-0.177734375,-0.09588623046875,-0.20477294921875,0.9739990234375,0.011962890625,-0.1011134118938127,-0.1809823026625209,0.9779532442124791,0.024305056568770904
72,0.7105823121341973,0.10981878070129598,-0.686751043517454,-0.10631221911580267,0.788773858826296,0.5963469540395067,0.07899602679504598,0.12586000372334866,-0.08701408666910534,-0.21887758184834866,0.97076416015625,-0.04512702661214465,-0.012639788879598662,-0.22321107794209866,0.95831298828125,-0.17773988653584866,-0.09605280132995402,-0.204833984375,0.9739434998170987,0.01212394995035535,-0.10123527807535534,-0.18103578497334866,0.9779052734375,0.02433098120035535
73,0.710693359375,0.1099853515625,-0.68658447265625,-0.106201171875,0.7889404296875,0.5960693359375,0.07916259765625,0.12591552734375,-0.0867919921875,-0.21893310546875,0.97076416015625,-0.04534912109375,-0.0126953125,-0.2232666015625,0.95831298828125,-0.17779541015625,-0.09588623046875,-0.204833984375,0.9739990234375,0.01190185546875,-0.1012491589804557,-0.18109130859375,0.9779052734375,0.024226874412102844
74,0.710693359375,0.1099853515625,-0.68658447265625,-0.106201171875,0.7889404296875,0.5960693359375,0.07916259765625,0.12591552734375,-0.0870491971937709,-0.21893310546875,0.97076416015625,-0.045297680092495816,-0.0126953125,-0.2232666015625,0.95831298828125,-0.17779541015625,-0.09609199447376672,-0.20488542537625418,0.9739475824362458,0.01195329647000418,-0.10125732421875,-0.18109130859375,0.9779052734375,0.02423095703125
75,0.71087646484375,0.11004638671875,-0.68646240234375,-0.10595703125,0.78912353515625,0.5958251953125,0.0792236328125,0.1259765625,-0.0869140625,-0.21881103515625,0.97076416015625,-0.04547119140625,-0.0126953125,-0.22308349609375,0.95831298828125,-0.17791748046875,-0.095947265625,-0.20477294921875,0.9739990234375,0.01177978515625,-0.10124977137332776,-0.18095209128083195,0.9779224204379181,0.024135627874163876
76,0.71087646484375,0.11004638671875,-0.68646240234375,-0.10595703125,0.78912353515625,0.5958251953125,0.0792236328125,0.1259765625,-0.0870230684312291,-0.2188837057770694,0.97076416015625,-0.04547119140625,-0.0126953125,-0.22308349609375,0.95831298828125,-0.17791748046875,-0.0960562715562291,-0.20477294921875,0.9739626881270903,0.01177978515625,-0.101318359375,-0.18096923828125,0.9779052734375,0.024169921875
77,0.7110595703125,0.11004638671875,-0.686279296875,-0.1058349609375,0.78912353515625,0.5958251953125,0.0792236328125,0.12603759765625,-0.08685302734375,-0.21881103515625,0.97076416015625,-0.04559326171875,-0.0126953125,-0.22296142578125,0.95831298828125,-0.177978515625,-0.09588623046875,-0.2047119140625,0.9739990234375,0.01171875,-0.10113178367997491,-0.18093698558998747,0.9779375261287625,0.024134198957462376
78,0.7110807999320652,0.11006761633831522,-0.6862580672554348,-0.10581373131793478,0.7891023055366848,0.5958676545516305,0.07926609205163043,0.12603759765625,-0.08687160326086957,-0.2188720703125,0.97076416015625,-0.04545261548913043,-0.012716542119565216,-0.22298265540081522,0.95831298828125,-0.17793605638586957,-0.09586500084918478,-0.20473314368206522,0.9739990234375,0.011739979619565216,-0.10117505944293478,-0.18096923828125,0.9779265030570652,0.024188497792119568
79,0.71112060546875,0.110107421875,-0.68621826171875,-0.10577392578125,0.7890625,0.595947265625,0.079345703125,0.12603759765625,-0.0867919921875,-0.2188720703125,0.97076416015625,-0.0455322265625,-0.01275634765625,-0.2230224609375,0.95831298828125,-0.1778564453125,-0.0958251953125,-0.20477294921875,0.9739990234375,0.01177978515625,-0.10114893068039298,-0.18098291505539296,0.977952631819607,0.024149917041178928
80,0.7111267293974708,0.110107421875,-0.6862121377900292,-0.10576780185252926,0.7890625,0.595947265625,0.079345703125,0.12603759765625,-0.08684077948630853,-0.21892698154002926,0.97076416015625,-0.045477315334970736,-0.01273797587008779,-0.22301633700877926,0.95831298828125,-0.1778564453125,-0.09587398261130853,-0.20489501953125,0.9739441122099708,0.011895731540029264,-0.10118404120505853,-0.1810302734375,0.9779052734375,0.024285868258779264
81,0.711181640625,0.110107421875,-0.6861572265625,-0.105712890625,0.7890625,0.595947265625,0.079345703125,0.12603759765625,-0.08673095703125,-0.2188720703125,0.97076416015625,-0.0455322265625,-0.0125732421875,-0.22296142578125,0.95831298828125,-0.1778564453125,-0.09576416015625,-0.20489501953125,0.9739990234375,0.0118408203125,-0.10107421875,-0.1810302734375,0.9779052734375,0.02423095703125
82,0.711181640625,0.110107421875,-0.6861572265625,-0.105712890625,0.7890625,0.595947265625,0.079345703125,0.12603759765625,-0.08652274345474499,-0.21882001691837374,0.9708162135503763,-0.0455322265625,-0.0125732421875,-0.22296142578125,0.95831298828125,-0.1778564453125,-0.09555594657974499,-0.20489501953125,0.9739990234375,0.011736713524247494,-0.100830078125,-0.18115234375,0.9779052734375,0.02423095703125
83,0.7110595703125,0.110107421875,-0.686279296875,-0.10577392578125,0.7890625,0.59588623046875,0.079345703125,0.12603759765625,-0.086669921875,-0.2188720703125,0.9708251953125,-0.04547119140625,-0.0125732421875,-0.2230224609375,0.95831298828125,-0.177978515625,-0.09564208984375,-0.20489501953125,0.9739990234375,0.01177978515625,-0.10101318359375,-0.18115234375,0.9779052734375,0.0242919921875
84,0.7110595703125,0.110107421875,-0.686279296875,-0.10577392578125,0.7890625,0.59588623046875,0.079345703125,0.12603759765625,-0.08655907876515469,-0.2188720703125,0.9708251953125,-0.04558203451609531,-0.0125732421875,-0.2230224609375,0.95831298828125,-0.177978515625,-0.09556819443718646,-0.20489501953125,0.9739990234375,0.011742837452968228,-0.100830078125,-0.18115234375,0.9779052734375,0.02410888671875
85,0.71099853515625,0.1099853515625,-0.68634033203125,-0.1058349609375,0.78912353515625,0.5958251953125,0.079345703125,0.12603759765625,-0.0865478515625,-0.21881103515625,0.9708251953125,-0.0455322265625,-0.01251220703125,-0.22296142578125,0.95831298828125,-0.17791748046875,-0.0955810546875,-0.20489501953125,0.9739990234375,0.0118408203125,-0.10089111328125,-0.18115234375,0.9779052734375,0.0242919921875
86,0.71099853515625,0.1099853515625,-0.68634033203125,-0.1058349609375,0.78912353515625,0.5958251953125,0.079345703125,0.12603759765625,-0.08650416753762542,-0.2187891931438127,0.9708251953125,-0.04551038455006271,-0.01251220703125,-0.22296142578125,0.95831298828125,-0.17791748046875,-0.0955810546875,-0.2049168615436873,0.9739990234375,0.011862662324937288,-0.100830078125,-0.18115234375,0.9779052734375,0.0242919921875
87,0.7110595703125,0.10986328125,-0.68634033203125,-0.1058349609375,0.78900146484375,0.59600830078125,0.0792236328125,0.1259765625,-0.08636474609375,-0.21868896484375,0.97088623046875,-0.04541015625,-0.012451171875,-0.22283935546875,0.9583740234375,-0.177734375,-0.09552001953125,-0.204833984375,0.9739990234375,0.011962890625,-0.10076904296875,-0.18109130859375,0.97796630859375,0.02435302734375
88,0.7110663066340928,0.10987675389318562,-0.6863335957096572,-0.10582822461590718,0.7890149374869356,0.5959948281380644,0.0792236328125,0.12598329882159282,-0.08647334376306438,-0.21868896484375,0.97088623046875,-0.045240523424435616,-0.012444435553407192,-0.22284609179034282,0.9583740234375,-0.177734375,-0.09551328320965718,-0.20484072069659282,0.9739990234375,0.011976363268185618,-0.10081660548181438,-0.18109804491534282,0.9779120097590928,0.024583695325564384
89,0.71112060546875,0.1099853515625,-0.686279296875,-0.10577392578125,0.78900146484375,0.59600830078125,0.079345703125,0.1258544921875,-0.08636474609375,-0.21868896484375,0.97088623046875,-0.04534912109375,-0.01239013671875,-0.222900390625,0.9583740234375,-0.177734375,-0.095458984375,-0.20489501953125,0.9739990234375,0.0120849609375,-0.1007080078125,-0.18115234375,0.97796630859375,0.02447509765625
90,0.71112060546875,0.1099853515625,-0.686279296875,-0.10577392578125,0.78900146484375,0.59600830078125,0.079345703125,0.1258544921875,-0.08631208030675167,-0.21863629905675167,0.97088623046875,-0.045243789519753344,-0.01239013671875,-0.222900390625,0.9583740234375,-0.177734375,-0.095458984375,-0.20489501953125,0.9739990234375,0.0120849609375,-0.10064697265625,-0.18121337890625,0.9779052734375,0.02459716796875
91,0.711181640625,0.11004638671875,-0.68621826171875,-0.105712890625,0.78912353515625,0.5958251953125,0.079345703125,0.1258544921875,-0.08624267578125,-0.2186279296875,0.97088623046875,-0.04534912109375,-0.01226806640625,-0.22283935546875,0.9583740234375,-0.17767333984375,-0.0953369140625,-0.2049560546875,0.9739990234375,0.0120849609375,-0.1005859375,-0.18121337890625,0.97796630859375,0.0245361328125
92,0.711181640625,0.11004638671875,-0.68621826171875,-0.105712890625,0.78912353515625,0.5958251953125,0.079345703125,0.1258544921875,-0.08635535606971155,-0.21874060997596154,0.9708486703725961,-0.04534912109375,-0.01226806640625,-0.22283935546875,0.9583740234375,-0.17767333984375,-0.0953369140625,-0.2049560546875,0.9739990234375,0.0120849609375,-0.10064697265625,-0.18121337890625,0.9779052734375,0.0245361328125
93,0.71124267578125,0.1099853515625,-0.68609619140625,-0.10565185546875,0.78924560546875,0.59564208984375,0.0794677734375,0.1259765625,-0.0863037109375,-0.21875,0.97088623046875,-0.04534912109375,-0.01239013671875,-0.22283935546875,0.9583740234375,-0.17779541015625,-0.0953369140625,-0.2049560546875,0.9739990234375,0.01202392578125,-0.10052490234375,-0.18115234375,0.97796630859375,0.0245361328125
94,0.7112651301865593,0.1099179883465719,-0.68609619140625,-0.10560694665813126,0.78924560546875,0.5956645442490593,0.07942286462688126,0.12593165368938128,-0.08628125653219064,-0.21870509118938128,0.97088623046875,-0.04534912109375,-0.012367682313440634,-0.22279444665813128,0.9583964778428093,-0.17779541015625,-0.09535936846780936,-0.20491114587688128,0.9739990234375,0.012001471375940634,-0.10062451825094064,-0.1812070508465719,0.9779277278428093,0.024436516905309364
95,0.7113037109375,0.10980224609375,-0.68609619140625,-0.10552978515625,0.78936767578125,0.595458984375,0.079345703125,0.1260986328125,-0.08624267578125,-0.2186279296875,0.97088623046875,-0.04534912109375,-0.0123291015625,-0.22271728515625,0.95843505859375,-0.17779541015625,-0.09539794921875,-0.204833984375,0.9739990234375,0.011962890625,-0.1005859375,-0.18109130859375,0.97796630859375,0.02447509765625
96,0.7113110596519648,0.10978754866482023,-0.68609619140625,-0.10552243644178512,0.78936767578125,0.5954663330894648,0.07933100569607023,0.12608393538357024,-0.0860595703125,-0.21867426741482024,0.9708935791832148,-0.04528073722303511,-0.012321752848035116,-0.2227246338707149,0.95843505859375,-0.17778071272732024,-0.09536855436089046,-0.2048413330894649,0.9740063721519648,0.011984936768394653,-0.10051755362928512,-0.18125971663357024,0.97796630859375,0.024543481526964884
97,0.71136474609375,0.10968017578125,-0.68609619140625,-0.10546875,0.789306640625,0.5955810546875,0.07928466796875,0.1259765625,-0.0860595703125,-0.21856689453125,0.970947265625,-0.04522705078125,-0.01226806640625,-0.2227783203125,0.95843505859375,-0.17767333984375,-0.09515380859375,-0.20489501953125,0.97406005859375,0.01214599609375,-0.1004638671875,-0.18115234375,0.97796630859375,0.02459716796875
98,0.71136474609375,0.10968017578125,-0.68609619140625,-0.10546875,0.789306640625,0.5955810546875,0.07928466796875,0.1259765625,-0.0859530139527592,-0.21856689453125,0.970947265625,-0.0452803289611204,-0.01226806640625,-0.2227783203125,0.95843505859375,-0.17767333984375,-0.09515380859375,-0.20489501953125,0.97406005859375,0.01214599609375,-0.100341796875,-0.18121337890625,0.97796630859375,0.024658203125
99,0.71142578125,0.109619140625,-0.68603515625,-0.10546875,0.789306640625,0.5955810546875,0.0792236328125,0.12603759765625,-0.08587646484375,-0.218505859375,0.970947265625,-0.04522705078125,-0.01214599609375,-0.22265625,0.95843505859375,-0.17767333984375,-0.0950927734375,-0.204833984375,0.97406005859375,0.0120849609375,-0.10028076171875,-0.18115234375,0.97796630859375,0.024658203125
100,0.7115021262280519,0.10965731311402592,-0.6859588112719481,-0.10543057751097408,0.7893448131140259,0.5955428821984741,0.07910911534542224,0.12611394263430184,-0.08583829235472408,-0.21846768688597407,0.970947265625,-0.04522705078125,-0.01210782360472408,-0.22257990502194816,0.9584732310827759,-0.17771151233277593,-0.09497825597042224,-0.204833984375,0.97406005859375,0.01212313342652592,-0.10016624425167224,-0.18115234375,0.9780044810827759,0.02464289330319816
101,0.7115478515625,0.10968017578125,-0.6859130859375,-0.10540771484375,0.7891845703125,0.595703125,0.079345703125,0.1260986328125,-0.0858154296875,-0.21844482421875,0.970947265625,-0.04522705078125,-0.0120849609375,-0.2225341796875,0.95849609375,-0.177734375,-0.09490966796875,-0.204833984375,0.97406005859375,0.01214599609375,-0.10009765625,-0.18115234375,0.97802734375,0.02459716796875
102,0.7115478515625,0.10972630937761288,-0.6858900191393186,-0.10536158124738712,0.7892307039088629,0.5956569914036371,0.079345703125,0.12612169961068143,-0.08583849648568144,-0.21846789101693143,0.970947265625,-0.04525011757943144,-0.012108027735681438,-0.22255724648568143,0.9584730269518186,-0.177734375,-0.09490966796875,-0.204833984375,0.97406005859375,0.012099862497387124,-0.10013562460806856,-0.18115234375,0.9779893753919314,0.024711073042955684
103,0.7115478515625,0.10980224609375,-0.68585205078125,-0.10528564453125,0.78936767578125,0.59552001953125,0.07940673828125,0.12615966796875,-0.08587646484375,-0.218505859375,0.970947265625,-0.0452880859375,-0.01214599609375,-0.22259521484375,0.95843505859375,-0.177734375,-0.09490966796875,-0.204833984375,0.97406005859375,0.01202392578125,-0.10009765625,-0.18115234375,0.97802734375,0.02459716796875
104,0.711563773777174,0.10978632387907608,-0.6858440896739131,-0.10528564453125,0.7893597146739131,0.5955279806385869,0.07938285495923914,0.12615966796875,-0.08573847231657608,-0.21842890200407608,0.97100830078125,-0.04527216372282609,-0.012130073879076086,-0.22257133152173914,0.9584430197010869,-0.17772641389266305,-0.09489374575407608,-0.20482602326766305,0.9740680197010869,0.012039847995923914,-0.10008173403532608,-0.18113642153532608,0.97802734375,0.024613090183423912
105,0.711669921875,0.10968017578125,-0.685791015625,-0.10528564453125,0.78936767578125,0.59552001953125,0.079345703125,0.126220703125,-0.08563232421875,-0.21832275390625,0.97100830078125,-0.045166015625,-0.01202392578125,-0.222412109375,0.95849609375,-0.17767333984375,-0.09478759765625,-0.20477294921875,0.97412109375,0.01214599609375,-0.0999755859375,-0.1810302734375,0.97802734375,0.02471923828125
106,0.711669921875,0.10968017578125,-0.685791015625,-0.10528564453125,0.78936767578125,0.59552001953125,0.079345703125,0.126220703125,-0.08557843364600752,-0.21832275390625,0.97100830078125,-0.04511212505225753,-0.011970035208507526,-0.222412109375,0.9585499843227425,-0.17756555869826504,-0.09478759765625,-0.20477294921875,0.97412109375,0.01214599609375,-0.099853515625,-0.18109130859375,0.97802734375,0.0247802734375
107,0.71160888671875,0.10968017578125,-0.68585205078125,-0.10528564453125,0.789306640625,0.59552001953125,0.07940673828125,0.12615966796875,-0.085693359375,-0.21832275390625,0.97100830078125,-0.04510498046875,-0.01202392578125,-0.222412109375,0.95849609375,-0.17755126953125,-0.0947265625,-0.204833984375,0.97412109375,0.01220703125,-0.0999755859375,-0.18109130859375,0.97802734375,0.0247802734375
108,0.7114537471911581,0.10975774554504598,-0.6860071903088419,-0.10528564453125,0.789345425506898,0.595481234649352,0.07960066269073997,0.126082098204954,-0.08561578961120402,-0.21836153878814799,0.97100830078125,-0.04510498046875,-0.011946356017454014,-0.222489679138796,0.95849609375,-0.17755126953125,-0.09461020785430602,-0.204911554138796,0.974082308868102,0.01220703125,-0.09978104913513795,-0.18125216378814799,0.977988558868102,0.024824773986204016
109,0.71136474609375,0.10980224609375,-0.68609619140625,-0.10528564453125,0.78936767578125,0.59552001953125,0.0792236328125,0.1260986328125,-0.0855712890625,-0.2183837890625,0.97100830078125,-0.04510498046875,-0.01190185546875,-0.2225341796875,0.95849609375,-0.17755126953125,-0.09454345703125,-0.2049560546875,0.97406005859375,0.01220703125,-0.09991455078125,-0.1812744140625,0.97796630859375,0.0247802734375
110,0.7112463501384825,0.10984960447585702,-0.686190908170464,-0.1053093237223035,0.78936767578125,0.59552001953125,0.07936570795882106,0.126051274430393,-0.0855712890625,-0.2183837890625,0.97100830078125,-0.045152338850857024,-0.01190185546875,-0.22260521726066054,0.9584724145589465,-0.17762230710441054,-0.09459081541335702,-0.205003413069607,0.97406005859375,0.012159672867892978,-0.09965305902487458,-0.181443842757107,0.9780036645589465,0.024756594246446488
111,0.7110595703125,0.10992431640625,-0.68634033203125,-0.1053466796875,0.78955078125,0.59527587890625,0.07928466796875,0.12603759765625,-0.0855712890625,-0.2183837890625,0.97100830078125,-0.04522705078125,-0.01190185546875,-0.22271728515625,0.95843505859375,-0.177734375,-0.09466552734375,-0.205078125,0.97406005859375,0.0120849609375,-0.09991455078125,-0.1815185546875,0.97796630859375,0.02471923828125
112,0.7110595703125,0.10989859590562291,-0.686348905531459,-0.10537240018812709,0.7895250607493729,0.5953101729070861,0.07929324146895902,0.12602902415604098,-0.0855712890625,-0.21837521556229098,0.97100830078125,-0.04520990378083194,-0.011893281968540972,-0.22270871165604098,0.95843505859375,-0.17771722799958195,-0.09465695384354098,-0.20506097799958195,0.97406005859375,0.012102107937918058,-0.099853515625,-0.18145751953125,0.97796630859375,0.024631461969586117
113,0.7110595703125,0.1097412109375,-0.6864013671875,-0.10552978515625,0.78955078125,0.59527587890625,0.07928466796875,0.1259765625,-0.0855712890625,-0.21832275390625,0.97100830078125,-0.04510498046875,-0.0118408203125,-0.22265625,0.95843505859375,-0.1776123046875,-0.0946044921875,-0.2049560546875,0.97406005859375,0.01220703125,-0.099853515625,-0.18145751953125,0.97796630859375,0.02484130859375
114,0.7110595703125,0.1097412109375,-0.6864013671875,-0.10552978515625,0.78955078125,0.59527587890625,0.07928466796875,0.1259765625,-0.0855712890625,-0.21832275390625,0.97100830078125,-0.04510498046875,-0.0118408203125,-0.22265625,0.95843505859375,-0.1776123046875,-0.0946044921875,-0.2049560546875,0.97406005859375,0.01220703125,-0.09969000672815635,-0.1813485136000209,0.9780208115593646,0.02484130859375
115,0.7110595703125,0.10968017578125,-0.6864013671875,-0.10552978515625,0.7894287109375,0.59552001953125,0.0791015625,0.1258544921875,-0.0853271484375,-0.21807861328125,0.97113037109375,-0.04510498046875,-0.01177978515625,-0.222412109375,0.95849609375,-0.1776123046875,-0.09454345703125,-0.20489501953125,0.97412109375,0.0123291015625,-0.09967041015625,-0.1812744140625,0.97802734375,0.02490234375
116,0.7110989675872701,0.10983776488033027,-0.6863619699127299,-0.10549038788147994,0.7895075054870402,0.5954018277069398,0.0791015625,0.12593328673704013,-0.0853271484375,-0.21811801055602006,0.9710909738189799,-0.04506558319397993,-0.011740387881479932,-0.22249090392454013,0.95849609375,-0.17757290741272994,-0.09454345703125,-0.20493441680602006,0.9740816964752299,0.012368498837270068,-0.09969204803772994,-0.18137484649352006,0.97796630859375,0.02498889527591973
117,0.71112060546875,0.10992431640625,-0.68634033203125,-0.10546875,0.789306640625,0.5955810546875,0.079345703125,0.1258544921875,-0.0853271484375,-0.2181396484375,0.9710693359375,-0.0450439453125,-0.01171875,-0.2225341796875,0.95849609375,-0.17755126953125,-0.09454345703125,-0.2049560546875,0.97406005859375,0.01239013671875,-0.09967041015625,-0.181396484375,0.97796630859375,0.02490234375
118,0.7111691886366012,0.10997289957410117,-0.6862674572794732,-0.10542016683214883,0.7893552237928512,0.5955324715196488,0.07927282837322325,0.12590307535535117,-0.0853271484375,-0.21818823160535117,0.9710693359375,-0.045068236896425584,-0.011694458416074414,-0.22255847127142558,0.95849609375,-0.17757556111517558,-0.09449487386339883,-0.20502892943927675,0.97406005859375,0.012341553550898828,-0.09971960571697325,-0.1815185546875,0.97796630859375,0.02501257446697324
119,0.71124267578125,0.11004638671875,-0.6861572265625,-0.1053466796875,0.7894287109375,0.595458984375,0.079345703125,0.1258544921875,-0.0853271484375,-0.21826171875,0.9710693359375,-0.04510498046875,-0.01165771484375,-0.22259521484375,0.95849609375,-0.1776123046875,-0.09442138671875,-0.20513916015625,0.97406005859375,0.01226806640625,-0.099609375,-0.1815185546875,0.97796630859375,0.02490234375
120,0.7112610475674123,0.11002801493258779,-0.6861388547763377,-0.1053374937944189,0.7894287109375,0.595458984375,0.07931814544575669,0.1258544921875,-0.0853179625444189,-0.2182433469638378,0.9710785218305811,-0.04510498046875,-0.01165771484375,-0.2225768430575878,0.95849609375,-0.1776123046875,-0.09442138671875,-0.2051207883700878,0.97406005859375,0.012258880513168896,-0.09964285247700669,-0.1815612180575878,0.97796630859375,0.02490234375
121,0.71136474609375,0.10992431640625,-0.68603515625,-0.10528564453125,0.7894287109375,0.59552001953125,0.07916259765625,0.12579345703125,-0.08526611328125,-0.2181396484375,0.97113037109375,-0.04510498046875,-0.01165771484375,-0.22247314453125,0.95849609375,-0.1776123046875,-0.09442138671875,-0.20501708984375,0.97406005859375,0.01220703125,-0.0994873046875,-0.18145751953125,0.97796630859375,0.02490234375
122,0.71136474609375,0.10992431640625,-0.68603515625,-0.10528564453125,0.7894287109375,0.59552001953125,0.07916259765625,0.12579345703125,-0.08526611328125,-0.2181396484375,0.97113037109375,-0.04510498046875,-0.01165771484375,-0.22247314453125,0.95849609375,-0.1776123046875,-0.09442138671875,-0.20501708984375,0.97406005859375,0.01220703125,-0.09937707397052675,-0.18151263488973662,0.97796630859375,0.024957459108486624
123,0.71142578125,0.11004638671875,-0.68603515625,-0.10528564453125,0.78948974609375,0.595458984375,0.0791015625,0.125732421875,-0.0850830078125,-0.2181396484375,0.97113037109375,-0.045166015625,-0.011474609375,-0.22247314453125,0.95849609375,-0.17767333984375,-0.0941162109375,-0.205078125,0.97406005859375,0.01220703125,-0.099365234375,-0.18157958984375,0.97796630859375,0.02490234375
124,0.71142578125,0.11004638671875,-0.68603515625,-0.10528564453125,0.78948974609375,0.595458984375,0.0791015625,0.125732421875,-0.0850830078125,-0.2181396484375,0.97113037109375,-0.045166015625,-0.01143459970735786,-0.22243313486360786,0.95849609375,-0.17771334951139214,-0.0941162109375,-0.205078125,0.97406005859375,0.01220703125,-0.09924520537207358,-0.18157958984375,0.9780063182613922,0.02490234375
125,0.7113037109375,0.11004638671875,-0.68609619140625,-0.10540771484375,0.7894287109375,0.59552001953125,0.07916259765625,0.1256103515625,-0.0850830078125,-0.21807861328125,0.97113037109375,-0.04510498046875,-0.011474609375,-0.2225341796875,0.95849609375,-0.1776123046875,-0.0941162109375,-0.20513916015625,0.97406005859375,0.01220703125,-0.09930419921875,-0.18170166015625,0.97796630859375,0.0250244140625
126,0.7113037109375,0.11004638671875,-0.68609619140625,-0.10540771484375,0.7894287109375,0.59552001953125,0.07916259765625,0.1256103515625,-0.0850830078125,-0.21807861328125,0.97113037109375,-0.04510498046875,-0.011374993467809366,-0.22248437173390467,0.95849609375,-0.17768701661789296,-0.0941162109375,-0.20513916015625,0.97406005859375,0.01220703125,-0.09922948728835702,-0.18165185220265467,0.9779912125705477,0.024924798155309364
127,0.711181640625,0.1099853515625,-0.68621826171875,-0.10565185546875,0.78955078125,0.59539794921875,0.0791015625,0.12554931640625,-0.0850830078125,-0.218017578125,0.97113037109375,-0.04510498046875,-0.0113525390625,-0.2225341796875,0.95849609375,-0.1776123046875,-0.09405517578125,-0.20513916015625,0.97412109375,0.01226806640625,-0.0992431640625,-0.1817626953125,0.97796630859375,0.02496337890625
128,0.7111620440530937,0.10999514984845318,-0.6862280600047032,-0.10568125032660954,0.7895409829640468,0.5954077475047032,0.07913095735785954,0.12555911469220318,-0.08507320952654682,-0.218017578125,0.97113037109375,-0.045114778754703176,-0.011342740776546824,-0.2225341796875,0.95849609375,-0.17762210297345318,-0.09407477235315635,-0.20516855501410952,0.9741112954640468,0.012277864692203176,-0.09923336577654682,-0.1817626953125,0.97796630859375,0.024953580620296824
129,0.7110595703125,0.11004638671875,-0.686279296875,-0.1058349609375,0.78961181640625,0.5953369140625,0.0791015625,0.12548828125,-0.08502197265625,-0.218017578125,0.97113037109375,-0.045166015625,-0.01129150390625,-0.2225341796875,0.95849609375,-0.17767333984375,-0.093994140625,-0.20513916015625,0.97412109375,0.01226806640625,-0.09918212890625,-0.1817626953125,0.97796630859375,0.02490234375
130,0.7110595703125,0.11004638671875,-0.686279296875,-0.1058349609375,0.78961181640625,0.5953369140625,0.0791015625,0.12548828125,-0.08502197265625,-0.218017578125,0.97113037109375,-0.045166015625,-0.011180048403532608,-0.22236699643342392,0.9585518215013586,-0.1776176120923913,-0.093994140625,-0.20513916015625,0.97412109375,0.01226806640625,-0.09907067340353261,-0.1816512398097826,0.9780220363451086,0.025013799252717392
131,0.7110595703125,0.110107421875,-0.686279296875,-0.10589599609375,0.78955078125,0.5954332638743729,0.07911442275031355,0.12540479168844063,-0.0848388671875,-0.2178955078125,0.97119140625,-0.04510498046875,-0.0111083984375,-0.222412109375,0.95855712890625,-0.1776123046875,-0.09393310546875,-0.20513916015625,0.97412109375,0.01239013671875,-0.09906005859375,-0.1817626953125,0.97796630859375,0.0250244140625
132,0.7110595703125,0.110107421875,-0.686279296875,-0.10589599609375,0.78955078125,0.595458984375,0.0791015625,0.1253662109375,-0.0848388671875,-0.2178955078125,0.97119140625,-0.04510498046875,-0.011149020498014214,-0.222412109375,0.95855712890625,-0.17757168262698578,-0.09393310546875,-0.20513916015625,0.97412109375,0.01239013671875,-0.09906005859375,-0.1817626953125,0.97796630859375,0.025065036123014212
133,0.71112060546875,0.11016845703125,-0.68621826171875,-0.10589599609375,0.7895177120349081,0.595464087648934,0.07907359655884197,0.12542724609375,-0.084716796875,-0.2178955078125,0.97119140625,-0.04510498046875,-0.0111083984375,-0.222412109375,0.95855712890625,-0.17755126953125,-0.09381103515625,-0.2052001953125,0.97406005859375,0.01239013671875,-0.09893798828125,-0.1817626953125,0.97796630859375,0.0250244140625
134,0.71112060546875,0.11016845703125,-0.68621826171875,-0.10589599609375,0.78948974609375,0.59552001953125,0.0791015625,0.12542724609375,-0.084716796875,-0.2178955078125,0.97119140625,-0.04510498046875,-0.01113391480716973,-0.2224886584840092,0.9585316125365803,-0.17752575316158026,-0.09381103515625,-0.2052001953125,0.97406005859375,0.01239013671875,-0.09896350465091973,-0.18181372805183946,0.97796630859375,0.02507544680183946
135,0.711181640625,0.110107421875,-0.6861572265625,-0.10577392578125,0.789514854201505,0.595494911423495,0.07903338276024248,0.1253841744617475,-0.08465576171875,-0.2178955078125,0.97119140625,-0.0450439453125,-0.0111083984375,-0.222412109375,0.95855712890625,-0.177490234375,-0.0938720703125,-0.2052001953125,0.97406005859375,0.012451171875,-0.098876953125,-0.1817626953125,0.97796630859375,0.025146484375
136,0.7111920513038252,0.110107421875,-0.6861468158836748,-0.10574269374477425,0.7894495322951505,0.5955602333298495,0.07913136561977425,0.12541683541492474,-0.08465576171875,-0.2178955078125,0.97119140625,-0.04505435599132525,-0.01122005807117475,-0.22250294765102424,0.95855712890625,-0.1774500205764005,-0.0938512489548495,-0.2051793739548495,0.9740704692725752,0.0124303505173495,-0.0990392372360995,-0.1818639442673495,0.97796630859375,0.0251866981735995
137,0.71124267578125,0.110107421875,-0.68609619140625,-0.1055908203125,0.789545065583194,0.595464700041806,0.07898520785430602,0.1253662109375,-0.08465576171875,-0.2178955078125,0.97119140625,-0.04510498046875,-0.01116943359375,-0.22235107421875,0.95855712890625,-0.17755126953125,-0.09393310546875,-0.2052001953125,0.97406005859375,0.0123291015625,-0.09893798828125,-0.1817626953125,0.97796630859375,0.02508544921875
138,0.71124267578125,0.110107421875,-0.68609619140625,-0.1055908203125,0.7894287109375,0.5955810546875,0.0791015625,0.1253662109375,-0.08465576171875,-0.2178955078125,0.97119140625,-0.04510498046875,-0.011338454026442306,-0.22246375450721154,0.95855712890625,-0.17749492938701922,-0.09393310546875,-0.2052001953125,0.97406005859375,0.0123291015625,-0.0991070087139423,-0.1817626953125,0.97796630859375,0.02508544921875
139,0.71142578125,0.110107421875,-0.68597412109375,-0.10546875,0.7894409587949415,0.5956175941288671,0.07900378377142558,0.12532967149613294,-0.08453369140625,-0.2177734375,0.97125244140625,-0.04510498046875,-0.01116943359375,-0.22235107421875,0.95855712890625,-0.1776123046875,-0.09381103515625,-0.20513916015625,0.97412109375,0.01239013671875,-0.098876953125,-0.18170166015625,0.97802734375,0.0250244140625
140,0.71142578125,0.110107421875,-0.68597412109375,-0.10546875,0.7894287109375,0.59564208984375,0.07904052734375,0.12530517578125,-0.08453369140625,-0.2177734375,0.97125244140625,-0.04510498046875,-0.011210668047136286,-0.22235107421875,0.95855712890625,-0.17757107023411373,-0.09381103515625,-0.20513916015625,0.97412109375,0.01239013671875,-0.09883571867161371,-0.18174289460963627,0.97802734375,0.0250244140625
141,0.71148681640625,0.110107421875,-0.6859130859375,-0.10546875,0.789462392545464,0.5955747266278218,0.0789121289715719,0.12539989254546405,-0.08447265625,-0.21783447265625,0.97125244140625,-0.0450439453125,-0.01116943359375,-0.2222900390625,0.95855712890625,-0.17755126953125,-0.0936279296875,-0.20513916015625,0.97412109375,0.01226806640625,-0.0987548828125,-0.1817626953125,0.97802734375,0.0250244140625
142,0.7114606876437082,0.11005516434991638,-0.6859392147000418,-0.10552100752508362,0.7894374885686664,0.5955722770563336,0.07888355063754181,0.1254011173312082,-0.08444652748745819,-0.2178083438937082,0.97125244140625,-0.0450439453125,-0.011073492043791806,-0.22222900390625,0.95855712890625,-0.17762108231866638,-0.09368018721258362,-0.20513916015625,0.97412109375,0.01234645269387542,-0.0987548828125,-0.18171043778741638,0.97802734375,0.025050542825041808
143,0.71142578125,0.1099853515625,-0.68597412109375,-0.1055908203125,0.7893862516983695,0.59564208984375,0.07889988111413043,0.1253662109375,-0.08441162109375,-0.2177734375,0.97125244140625,-0.0450439453125,-0.0111083984375,-0.22222900390625,0.95855712890625,-0.17755126953125,-0.0936279296875,-0.205078125,0.97412109375,0.01239013671875,-0.0987548828125,-0.181640625,0.97802734375,0.02508544921875
144,0.7114368043216973,0.10997432849080267,-0.6859630980220527,-0.10557979724080267,0.7894287109375,0.59564208984375,0.07884639880330267,0.1253662109375,-0.08438957495035534,-0.21774036828490803,0.9712634644779473,-0.04502189916910535,-0.011036340209552674,-0.22220695776285534,0.9586181640625,-0.177490234375,-0.09361690661580267,-0.2050671019283027,0.9741321168216973,0.01239013671875,-0.09872181359740802,-0.181640625,0.97802734375,0.02510749536214465
145,0.71148681640625,0.10992431640625,-0.6859130859375,-0.10552978515625,0.7894287109375,0.59564208984375,0.07879985694502509,0.12535580025867474,-0.08428955078125,-0.21759033203125,0.9713134765625,-0.044921875,-0.010986328125,-0.22210693359375,0.9586181640625,-0.177490234375,-0.09356689453125,-0.2049560546875,0.97418212890625,0.01251220703125,-0.09857177734375,-0.181640625,0.97802734375,0.02520751953125
146,0.7115437689433528,0.10998126894335285,-0.6857991808632943,-0.10552978515625,0.7894287109375,0.59564208984375,0.07880046933789715,0.1252970105429557,-0.08411869316994147,-0.21759033203125,0.9713134765625,-0.04497882753710285,-0.010876505669941467,-0.2220458984375,0.9586222466816472,-0.17742511659960283,-0.0934529894570443,-0.20501300722460283,0.97418212890625,0.012455254494147156,-0.0984578722695443,-0.18169757753710283,0.97802734375,0.025264472068352844
147,0.7115478515625,0.1099853515625,-0.685791015625,-0.10552978515625,0.7894287109375,0.59564208984375,0.07879638671875,0.12530517578125,-0.0841064453125,-0.21759033203125,0.9713134765625,-0.04498291015625,-0.0108642578125,-0.2220458984375,0.9586181640625,-0.17742919921875,-0.09344482421875,-0.205078125,0.97418212890625,0.01251220703125,-0.09844970703125,-0.18170166015625,0.97802734375,0.0252685546875
148,0.7115896984087584,0.11002719840875837,-0.685791015625,-0.10544609146373328,0.7895315929400084,0.5955583961512333,0.07875453987249163,0.1251220703125,-0.08406459846624163,-0.21754848518499165,0.9713134765625,-0.04506660384876672,-0.0108642578125,-0.22206508674749165,0.9586181640625,-0.17751289291126673,-0.09340297737249163,-0.20503627815374165,0.97418212890625,0.012428513338733278,-0.09844970703125,-0.18174350700250835,0.97802734375,0.02522670784124164
149,0.71160888671875,0.11004638671875,-0.685791015625,-0.10540771484375,0.78955078125,0.59552001953125,0.0787353515625,0.1251220703125,-0.08404541015625,-0.217529296875,0.9713134765625,-0.04510498046875,-0.0108642578125,-0.2220458984375,0.9586181640625,-0.17755126953125,-0.0933837890625,-0.20513916015625,0.97412109375,0.012451171875,-0.09844970703125,-0.1817626953125,0.97802734375,0.02520751953125
150,0.71160888671875,0.10999290440792224,-0.6858177567804139,-0.10532749137750837,0.7895775224054139,0.595458984375,0.07874290440792224,0.12507614084709448,-0.08404541015625,-0.21750255571958613,0.9713402177179139,-0.04510498046875,-0.010856704967077755,-0.22212203928459448,0.9586181640625,-0.17755126953125,-0.09341053021791387,-0.20503219553459448,0.9741478349054139,0.012451171875,-0.09844970703125,-0.18173595415708613,0.97802734375,0.025180778375836124
151,0.71160888671875,0.10992431640625,-0.68585205078125,-0.105224609375,0.78961181640625,0.595458984375,0.07871269302623328,0.12499652977372491,-0.08404541015625,-0.21746826171875,0.97137451171875,-0.04510498046875,-0.01092529296875,-0.22198486328125,0.9586181640625,-0.17755126953125,-0.09344482421875,-0.205078125,0.97418212890625,0.01239013671875,-0.09844970703125,-0.18170166015625,0.97802734375,0.025146484375
152,0.71160888671875,0.10986328125,-0.68585205078125,-0.1051025390625,0.7896728515625,0.59539794921875,0.07867431640625,0.125,-0.083984375,-0.21746826171875,0.97137451171875,-0.0450439453125,-0.01092529296875,-0.22198486328125,0.9586181640625,-0.17755126953125,-0.09344482421875,-0.2049560546875,0.97418212890625,0.01239013671875,-0.09844970703125,-0.1817626953125,0.97802734375,0.02520751953125
153,0.71160888671875,0.10986328125,-0.68585205078125,-0.1051025390625,0.7896646863242057,0.5954061144570443,0.07867431640625,0.12500408261914717,-0.083984375,-0.21746826171875,0.97137451171875,-0.0450439453125,-0.01092529296875,-0.22198486328125,0.9586181640625,-0.17755126953125,-0.09332275390625,-0.205078125,0.97418212890625,0.01251220703125,-0.09844970703125,-0.1817626953125,0.97802734375,0.02520751953125
154,0.7115513217887751,0.10997841110994984,-0.6859096157112249,-0.10498740920255016,0.7896659111099499,0.5954048896713001,0.07873188133622491,0.1250034702262751,-0.083984375,-0.21746826171875,0.97137451171875,-0.04498638038252508,-0.010860787586224916,-0.2220458984375,0.9586216342887751,-0.17754432907869983,-0.09338031883622491,-0.205078125,0.97418212890625,0.012397077171300166,-0.09850727196122491,-0.1818202602424749,0.97802734375,0.02520751953125
155,0.7115478515625,0.1099853515625,-0.6859130859375,-0.10498046875,0.7896728515625,0.59539794921875,0.0787353515625,0.125,-0.083984375,-0.21746826171875,0.97137451171875,-0.04498291015625,-0.0108642578125,-0.2220458984375,0.9586181640625,-0.17755126953125,-0.09333377697794733,-0.205078125,0.97418212890625,0.012490160887855354,-0.0985107421875,-0.18182373046875,0.97802734375,0.02520751953125
156,0.7115478515625,0.11002781080163043,-0.6859130859375,-0.10493800951086957,0.7896542756453805,0.5954775602921195,0.0787353515625,0.12493896484375,-0.08394191576086957,-0.21746826171875,0.97137451171875,-0.04502536939538043,-0.01092529296875,-0.22210693359375,0.9586181640625,-0.17751411769701086,-0.09332275390625,-0.205078125,0.97418212890625,0.012469747792119566,-0.09846828294836957,-0.18182373046875,0.97802734375,0.025249978770380432
157,0.7115478515625,0.11004638671875,-0.6859130859375,-0.10491943359375,0.7896728515625,0.595458984375,0.0787353515625,0.12493896484375,-0.08392333984375,-0.21746826171875,0.97137451171875,-0.0450439453125,-0.01092529296875,-0.22210693359375,0.9586181640625,-0.17755126953125,-0.09320068359375,-0.20513916015625,0.97418212890625,0.01251220703125,-0.09844970703125,-0.18182373046875,0.97802734375,0.0252685546875
158,0.711493144465928,0.11007374026703595,-0.685940439485786,-0.10491943359375,0.789639169954536,0.595492665982964,0.0786069531903219,0.12485057613921405,-0.08389598629546405,-0.21746826171875,0.97137451171875,-0.04507129886078595,-0.010735859440321906,-0.22213428714203595,0.9586181640625,-0.17751758792328595,-0.09328274423860786,-0.20516651370453595,0.974154775357964,0.012484853482964048,-0.09842235348296405,-0.1818784375653219,0.97802734375,0.025295908235785952
159,0.71142578125,0.110107421875,-0.68597412109375,-0.10491943359375,0.7896728515625,0.595458984375,0.07867431640625,0.12481689453125,-0.0838623046875,-0.21746826171875,0.97137451171875,-0.04510498046875,-0.01080322265625,-0.22216796875,0.9586181640625,-0.17755126953125,-0.0931396484375,-0.2052001953125,0.97418212890625,0.01251220703125,-0.098388671875,-0.18194580078125,0.97802734375,0.02532958984375
160,0.71136474609375,0.11016845703125,-0.68609619140625,-0.10491943359375,0.7896728515625,0.595458984375,0.07861328125,0.124755859375,-0.08380126953125,-0.21746826171875,0.97137451171875,-0.0450439453125,-0.01080322265625,-0.22222900390625,0.9586181640625,-0.17755126953125,-0.09326171875,-0.20526123046875,0.97412109375,0.012451171875,-0.09832763671875,-0.18206787109375,0.97796630859375,0.02532958984375
161,0.71136474609375,0.11016845703125,-0.68609619140625,-0.10491943359375,0.7896728515625,0.595458984375,0.07861328125,0.124755859375,-0.08380126953125,-0.21746826171875,0.97137451171875,-0.0450439453125,-0.01080322265625,-0.22222900390625,0.9586181640625,-0.17755126953125,-0.0931396484375,-0.205322265625,0.97412109375,0.0125732421875,-0.09832763671875,-0.18206787109375,0.97796630859375,0.02532958984375
162,0.711306568770903,0.11011027970840301,-0.686154368729097,-0.10491943359375,0.789614674239653,0.595517161697847,0.07867145857284699,0.12469768205215301,-0.08374309220840301,-0.21746826171875,0.97137451171875,-0.0450439453125,-0.01067829451034699,-0.22222900390625,0.9586181640625,-0.177432057052153,-0.09319782576034699,-0.205264088302153,0.97412109375,0.0125732421875,-0.09832763671875,-0.182009693770903,0.978024485916597,0.025271412520903012
163,0.7113037109375,0.110107421875,-0.6861572265625,-0.10491943359375,0.78961181640625,0.59552001953125,0.07867431640625,0.12469482421875,-0.083740234375,-0.21746826171875,0.97137451171875,-0.0450439453125,-0.01068115234375,-0.22222900390625,0.9586181640625,-0.17742919921875,-0.0930994346389005,-0.20521060599132526,0.9741717182274248,0.01252261771007525,-0.09832763671875,-0.1820068359375,0.97802734375,0.0252685546875
164,0.7113037109375,0.11002127861099499,-0.6862002981945025,-0.10487636196174749,0.7897518502429975,0.5953799856945025,0.07850917446174749,0.12473075126724499,-0.08365409111099499,-0.21738211845474498,0.9714175833507525,-0.0450439453125,-0.010663188819502506,-0.2221248971179975,0.9586002005382525,-0.1775692330554975,-0.09307861328125,-0.20511405204849498,0.97418212890625,0.012555278663252506,-0.09832763671875,-0.18192069267349498,0.97802734375,0.025354697951505013
165,0.7113037109375,0.1099853515625,-0.68621826171875,-0.1048583984375,0.78973388671875,0.59539794921875,0.0784912109375,0.12469482421875,-0.0836181640625,-0.21734619140625,0.971435546875,-0.0450439453125,-0.01068115234375,-0.22210693359375,0.9586181640625,-0.17755126953125,-0.09307861328125,-0.20514916257316054,0.97418212890625,0.012608760974080268,-0.09832763671875,-0.181884765625,0.97802734375,0.025390625
166,0.7113316768786581,0.11006924938597408,-0.686162329836434,-0.10480246655518395,0.789728783444816,0.5954361217077759,0.07852428015259197,0.12468972094481605,-0.0836181640625,-0.21740212328856606,0.9714075809338419,-0.045015979371341976,-0.01062522046143395,-0.22213489953490803,0.9586181640625,-0.17745206188597407,-0.09302268139893395,-0.2052001953125,0.97418212890625,0.012522413579117899,-0.09832763671875,-0.1819966293896321,0.9779993778088419,0.025390625
167,0.71136474609375,0.11016845703125,-0.68609619140625,-0.104736328125,0.789794921875,0.5953369140625,0.0784912109375,0.124755859375,-0.0836181640625,-0.21746826171875,0.97137451171875,-0.04498291015625,-0.01055908203125,-0.22216796875,0.9586181640625,-0.17755126953125,-0.09301778225595735,-0.20524102150397155,0.9741617158105143,0.01249220219742892,-0.09832763671875,-0.18212890625,0.97796630859375,0.025390625
168,0.71148681640625,0.1102294921875,-0.68597412109375,-0.10455322265625,0.78973388671875,0.59539794921875,0.07855224609375,0.1246337890625,-0.08380126953125,-0.217529296875,0.97137451171875,-0.045166015625,-0.01068115234375,-0.22216796875,0.9586181640625,-0.17755126953125,-0.093017578125,-0.20526123046875,0.97418212890625,0.01251220703125,-0.09844970703125,-0.18206787109375,0.97796630859375,0.02532958984375
169,0.71148681640625,0.1102294921875,-0.68597412109375,-0.10455322265625,0.78973388671875,0.59539794921875,0.07855224609375,0.1246337890625,-0.08380126953125,-0.217529296875,0.97137451171875,-0.045166015625,-0.01068115234375,-0.22216796875,0.9586181640625,-0.17755126953125,-0.0930388077445652,-0.20526123046875,0.9741768215013586,0.0125068996263587,-0.09844970703125,-0.18206787109375,0.97796630859375,0.02532958984375
170,0.7116631855534072,0.11005312304034282,-0.6858565416623119,-0.10443564322481187,0.78973388671875,0.595456738934469,0.07844140298390469,0.1246337890625,-0.08374247981553094,-0.21741171744356189,0.97137451171875,-0.045107225909280936,-0.010809958977842815,-0.22199384504337374,0.958615918621969,-0.1776123046875,-0.09308534960284282,-0.20508486132159282,0.974179883465719,0.012451171875,-0.09850849674696906,-0.18189150194659282,0.978025098309469,0.02527080012803094
171,0.711669921875,0.11004638671875,-0.68585205078125,-0.10443115234375,0.78973388671875,0.595458984375,0.07843017578125,0.1246337890625,-0.083740234375,-0.2174072265625,0.97137451171875,-0.04510498046875,-0.01080322265625,-0.22198486328125,0.9586181640625,-0.1776123046875,-0.09307861328125,-0.205078125,0.97418212890625,0.012451171875,-0.0985107421875,-0.181884765625,0.97802734375,0.0252685546875
172,0.7118009739496237,0.11000270269387542,-0.6857646827315008,-0.10443115234375,0.7896728515625,0.5955026683998745,0.07854326433162627,0.12461643793112458,-0.08369655035012542,-0.2174509105873746,0.97137451171875,-0.04506129644387542,-0.010794240894126264,-0.2220632495688754,0.9586181640625,-0.17755126953125,-0.09314801780675169,-0.2051565112876254,0.9741647777748745,0.01251220703125,-0.09842337413775085,-0.18197213367474915,0.9779836597251255,0.025355922737249157
173,0.71185302734375,0.1099853515625,-0.68572998046875,-0.10443115234375,0.7896728515625,0.59552001953125,0.0784912109375,0.1246337890625,-0.08367919921875,-0.21746826171875,0.97137451171875,-0.0450439453125,-0.0107421875,-0.2220458984375,0.9586181640625,-0.17755126953125,-0.09315087564015467,-0.205247553694607,0.9741459977267977,0.01254833821070234,-0.098388671875,-0.1820068359375,0.97796630859375,0.025390625
174,0.7118816056777801,0.1099281948944398,-0.6857014021347199,-0.1044025740097199,0.78973388671875,0.5954265275527801,0.07852754624790971,0.1245441755722199,-0.0836506208847199,-0.21746826171875,0.97137451171875,-0.0450439453125,-0.010774644322219902,-0.2221108120819398,0.9586181640625,-0.1775226911972199,-0.0931435269256898,-0.2052651089569398,0.9741496720840301,0.012601820521530098,-0.0983315152069398,-0.1820068359375,0.9779948869277801,0.025419203334030097
175,0.7119140625,0.10986328125,-0.6856689453125,-0.1043701171875,0.78973388671875,0.595458984375,0.07843017578125,0.12451171875,-0.0836181640625,-0.21746826171875,0.97137451171875,-0.0450439453125,-0.0107421875,-0.2220458984375,0.9586181640625,-0.177490234375,-0.09303656230403429,-0.20522122080110786,0.97418212890625,0.012613251855142144,-0.0982666015625,-0.1820068359375,0.97802734375,0.02545166015625
176,0.7119140625,0.10983633596362877,-0.6856689453125,-0.1043701171875,0.78973388671875,0.5954724570181856,0.07847773829431438,0.12449824610681438,-0.08359121877612877,-0.21746826171875,0.9713879843619356,-0.045057417955685616,-0.0107421875,-0.22209346095056437,0.9586181640625,-0.17753779688806437,-0.09295654296875,-0.20524775782556437,0.97418212890625,0.012600187473871234,-0.09825312891931438,-0.1820068359375,0.97802734375,0.025438187513064384
177,0.7119140625,0.1097412109375,-0.6856689453125,-0.1043701171875,0.78973388671875,0.59552001953125,0.07843017578125,0.12445068359375,-0.08349609375,-0.21746826171875,0.971435546875,-0.04510498046875,-0.0107421875,-0.2220458984375,0.9586181640625,-0.177490234375,-0.09295654296875,-0.2052001953125,0.97418212890625,0.01267755310670988,-0.09820556640625,-0.1820068359375,0.97802734375,0.025390625
178,0.7119140625,0.1097412109375,-0.6856689453125,-0.1043701171875,0.78973388671875,0.59552001953125,0.07831137156406773,0.12456948781093227,-0.08349609375,-0.21746826171875,0.971435546875,-0.04510498046875,-0.0106201171875,-0.22198486328125,0.9586181640625,-0.1776123046875,-0.09295654296875,-0.2052001953125,0.97418212890625,0.01251220703125,-0.09820556640625,-0.1820068359375,0.97802734375,0.025390625
179,0.7119140625,0.109619140625,-0.68572998046875,-0.10430908203125,0.7896728515625,0.59552001953125,0.07830810546875,0.12445068359375,-0.0833740234375,-0.21734619140625,0.971435546875,-0.04498291015625,-0.01068115234375,-0.22186279296875,0.95867919921875,-0.17755126953125,-0.093017578125,-0.205078125,0.97418212890625,0.0125732421875,-0.09814453125,-0.18194580078125,0.97802734375,0.0255126953125
180,0.7118254696645067,0.10975202987823997,-0.6857742768864966,-0.10426478561350334,0.7897781831364966,0.5954314266957567,0.07839669830424331,0.1243896484375,-0.08341831985524666,-0.21739048782399667,0.971435546875,-0.045027206573996656,-0.010647674866743314,-0.2220124209604933,0.9586349028010034,-0.17750105331573998,-0.09290632675323997,-0.20512242141774667,0.97418212890625,0.01256242324676003,-0.09823312408549331,-0.18199009719899667,0.97802734375,0.02537980605926003
181,0.7117919921875,0.10980224609375,-0.685791015625,-0.104248046875,0.789794921875,0.59539794921875,0.07843017578125,0.1243896484375,-0.08343505859375,-0.2174072265625,0.971435546875,-0.0450439453125,-0.01068115234375,-0.2220458984375,0.9586181640625,-0.17755126953125,-0.09295654296875,-0.20513916015625,0.97418212890625,0.01251220703125,-0.09808349609375,-0.18206787109375,0.97802734375,0.02532958984375
182,0.7117919921875,0.1096854831861413,-0.6858202063519022,-0.104248046875,0.7897657311480978,0.5954563306725543,0.07837179432744565,0.12445333729619565,-0.08343505859375,-0.2173780358355978,0.971435546875,-0.045014754585597824,-0.010710343070652176,-0.22198751698369565,0.9586473547894022,-0.17752473250679346,-0.09286366338315218,-0.20520284901494565,0.97418212890625,0.012538744055706529,-0.09814187754755435,-0.18200948963994565,0.97802734375,0.025417162024456527
183,0.7117919921875,0.10955810546875,-0.68585205078125,-0.104248046875,0.78973388671875,0.59552001953125,0.07830810546875,0.1243896484375,-0.08343505859375,-0.21734619140625,0.971435546875,-0.04498291015625,-0.0107421875,-0.221923828125,0.95867919921875,-0.17742919921875,-0.0928955078125,-0.20513916015625,0.97418212890625,0.01263427734375,-0.09820556640625,-0.18194580078125,0.97802734375,0.0255126953125
184,0.7118201622596154,0.10952993539663461,-0.6858379657451923,-0.1042339618389423,0.7896587665264423,0.5955951397235577,0.07838792067307691,0.1243896484375,-0.08339280348557691,-0.2173321063701923,0.9714496319110577,-0.04495474008413461,-0.010728102463942304,-0.2220036433293269,0.95867919921875,-0.1774761493389423,-0.09280630258413461,-0.2051720252403846,0.9741962139423077,0.012648362379807696,-0.09817739633413461,-0.18194580078125,0.97802734375,0.025526780348557696
185,0.7119140625,0.10943603515625,-0.685791015625,-0.10418701171875,0.78961181640625,0.59564208984375,0.0782470703125,0.1243896484375,-0.083251953125,-0.21728515625,0.97149658203125,-0.04486083984375,-0.010674620153114548,-0.22186932515938546,0.95867919921875,-0.1774161348374791,-0.09271240234375,-0.205078125,0.9742431640625,0.0126953125,-0.09808349609375,-0.18194580078125,0.97802734375,0.02557373046875
186,0.7119140625,0.10949604965771322,-0.685791015625,-0.10406698271582357,0.7896718309077132,0.5955820753422868,0.07836709931542643,0.12432963393603678,-0.08331196762646322,-0.2172251417485368,0.97149658203125,-0.044980868846676424,-0.0106201171875,-0.2218638136235368,0.95867919921875,-0.17742715790917643,-0.09271240234375,-0.2050181104985368,0.9742431640625,0.012575283497073575,-0.09808349609375,-0.1818857862797868,0.97802734375,0.02539368696436036
187,0.7119140625,0.1094970703125,-0.685791015625,-0.10406494140625,0.7896728515625,0.5955810546875,0.078369140625,0.12432861328125,-0.08319091796875,-0.21722412109375,0.97149658203125,-0.044921875,-0.0106201171875,-0.22186279296875,0.95867919921875,-0.17742919921875,-0.09271240234375,-0.20501708984375,0.9742431640625,0.0125732421875,-0.09796142578125,-0.18194580078125,0.97802734375,0.02545166015625
188,0.7118691536893813,0.10945216150188126,-0.6858359244356187,-0.10397512378501254,0.7897177603731187,0.59552001953125,0.07830810546875,0.12436086597251254,-0.08314600915813126,-0.21717921228313128,0.97149658203125,-0.04496678381061873,-0.010709934808737458,-0.22189504566001253,0.95867919921875,-0.17742919921875,-0.09269627599811874,-0.20504934253501253,0.9742431640625,0.0125732421875,-0.09800633459186874,-0.18185598316001253,0.9780722525606187,0.025406751345631272
189,0.71185302734375,0.10943603515625,-0.68585205078125,-0.10394287109375,0.78973388671875,0.59552001953125,0.07830810546875,0.12432861328125,-0.0831298828125,-0.2171630859375,0.97149658203125,-0.04498291015625,-0.0107421875,-0.22186279296875,0.95867919921875,-0.17742919921875,-0.09271240234375,-0.20501708984375,0.9742431640625,0.0125732421875,-0.097900390625,-0.18194580078125,0.97802734375,0.025390625
190,0.7119126335832985,0.10943603515625,-0.6857924445417015,-0.10394287109375,0.7896728515625,0.5955810546875,0.0781874640729515,0.1243271843645485,-0.08310007969272575,-0.21713328281772576,0.9715263851510243,-0.044923303916701504,-0.010591742984427254,-0.2218017578125,0.958740234375,-0.17742919921875,-0.09256195782817725,-0.20501708984375,0.9742431640625,0.0125732421875,-0.09781098126567725,-0.18194580078125,0.9780571468697743,0.025390625
191,0.71197509765625,0.10943603515625,-0.68572998046875,-0.10394287109375,0.7896728515625,0.5955810546875,0.078125,0.1243896484375,-0.08306884765625,-0.21710205078125,0.9715576171875,-0.04486083984375,-0.010587047972408028,-0.2218017578125,0.958740234375,-0.17740694894439799,-0.09255726281615803,-0.20501708984375,0.9742431640625,0.012617742736204014,-0.09783935546875,-0.181884765625,0.97808837890625,0.02545166015625
192,0.7120044925141096,0.10946543001410954,-0.6857005856108904,-0.10392817366482023,0.7897485841476798,0.5955516598296404,0.07827871061089046,0.12423593782660954,-0.08308354508517977,-0.21711674821017976,0.9715429197585702,-0.04487553727267977,-0.010698095213210695,-0.2218017578125,0.9587255369460702,-0.17739755892035955,-0.09266831005696069,-0.20503178727267976,0.9742431640625,0.012651220213210695,-0.09779526318196069,-0.181884765625,0.97808837890625,0.025422265298390465
193,0.71209716796875,0.10955810546875,-0.68560791015625,-0.1038818359375,0.789794921875,0.595458984375,0.07818603515625,0.12432861328125,-0.0831298828125,-0.2171630859375,0.97149658203125,-0.044921875,-0.010594804948787622,-0.2218017578125,0.9586863438022575,-0.17747594520798496,-0.09255073062552258,-0.20507098041649247,0.9742431640625,0.012519351614757524,-0.097900390625,-0.181884765625,0.97808837890625,0.02545166015625
194,0.7121577948630853,0.10961873236308528,-0.6854866563675794,-0.10382120904316472,0.7898555487693353,0.5953983574806647,0.07830728894492058,0.12420735949257942,-0.08300862902382942,-0.2171630859375,0.97149658203125,-0.04504312878867057,-0.01074300402382943,-0.2218017578125,0.958740234375,-0.17748941785117056,-0.09259114855507942,-0.20501708984375,0.9742431640625,0.01245198839882943,-0.09777913683632942,-0.181884765625,0.97808837890625,0.025391033261914716
195,0.712158203125,0.109619140625,-0.68548583984375,-0.10382080078125,0.78985595703125,0.59539794921875,0.07830810546875,0.12420654296875,-0.0831298828125,-0.2171630859375,0.97149658203125,-0.044921875,-0.0107421875,-0.22169560971467392,0.958740234375,-0.177490234375,-0.09259033203125,-0.20501708984375,0.9742431640625,0.012451171875,-0.09783935546875,-0.18182373046875,0.97808837890625,0.02532958984375
196,0.7122492455319817,0.1095736194215092,-0.6854403186402592,-0.1038663219847408,0.78985595703125,0.5954434704222408,0.0782625842652592,0.1241155005617684,-0.0830388404055184,-0.2171630859375,0.9715421032347408,-0.0448763537965092,-0.010651145093018396,-0.2216796875,0.958740234375,-0.1773991919680184,-0.0924992896242684,-0.2049560546875,0.9742431640625,0.012496693078490802,-0.0977027918582776,-0.18182373046875,0.97808837890625,0.025420632250731604
197,0.7122802734375,0.10955810546875,-0.6854248046875,-0.1038818359375,0.78985595703125,0.595458984375,0.0782470703125,0.12408447265625,-0.0830078125,-0.2171630859375,0.9715576171875,-0.04486083984375,-0.0106201171875,-0.2216796875,0.958740234375,-0.1773681640625,-0.09246826171875,-0.2049560546875,0.9742431640625,0.01251220703125,-0.09765625,-0.18182373046875,0.97808837890625,0.02545166015625
198,0.7122802734375,0.10955810546875,-0.6853943891748536,-0.10382100491220736,0.789947203569189,0.5953373223244147,0.07815582377456104,0.12408447265625,-0.08294698147470736,-0.21707183939956104,0.9715576171875,-0.04489125535639632,-0.010589701674853678,-0.22161885647470736,0.958740234375,-0.17742899508779264,-0.0924072265625,-0.20495625881845736,0.9742735795751464,0.012542826674853678,-0.09762583448735368,-0.18179331495610368,0.9781187944188964,0.02542124464360368
199,0.7122802734375,0.10955810546875,-0.68536376953125,-0.103759765625,0.7900390625,0.59521484375,0.07806396484375,0.12408447265625,-0.0828857421875,-0.21697998046875,0.9715576171875,-0.044921875,-0.01053621936402592,-0.22158047985472407,0.958740234375,-0.177490234375,-0.0924072265625,-0.20489501953125,0.97430419921875,0.01251220703125,-0.09759521484375,-0.18194580078125,0.97808837890625,0.025390625
200,0.71234130859375,0.1094970703125,-0.68536376953125,-0.103759765625,0.7900390625,0.59515380859375,0.078125,0.12408447265625,-0.08284001685305184,-0.21697998046875,0.9715576171875,-0.04489125535639632,-0.01043701171875,-0.2215576171875,0.958740234375,-0.177490234375,-0.0924072265625,-0.2049560546875,0.97430419921875,0.01251220703125,-0.0975341796875,-0.181884765625,0.97808837890625,0.025390625
201,0.71234130859375,0.1094970703125,-0.68536376953125,-0.103759765625,0.7900390625,0.59515380859375,0.078125,0.12408447265625,-0.0828857421875,-0.21697998046875,0.9715576171875,-0.0447998046875,-0.0103759765625,-0.2215576171875,0.95880126953125,-0.17742919921875,-0.09238395563336121,-0.20496381166387959,0.97430419921875,0.01251220703125,-0.09747314453125,-0.18194580078125,0.97808837890625,0.02545166015625
202,0.7122802734375,0.10955810546875,-0.6854248046875,-0.10369873046875,0.7901611328125,0.594970703125,0.07818603515625,0.1241455078125,-0.0828857421875,-0.21697998046875,0.9715576171875,-0.04498291015625,-0.01043701171875,-0.2215576171875,0.958740234375,-0.177490234375,-0.09228515625,-0.2049560546875,0.97430419921875,0.012451171875,-0.0975341796875,-0.18194580078125,0.97808837890625,0.02532958984375
203,0.7122802734375,0.10955810546875,-0.6854248046875,-0.10369873046875,0.7901611328125,0.594970703125,0.07818603515625,0.1241455078125,-0.0828857421875,-0.21697998046875,0.9715576171875,-0.04498291015625,-0.010275952393394645,-0.22145024430392976,0.958740234375,-0.17759760725857024,-0.09228515625,-0.2049560546875,0.97430419921875,0.012451171875,-0.097412109375,-0.181884765625,0.97808837890625,0.025146484375
204,0.7122341398411371,0.10941970467966138,-0.6855170718802257,-0.10369873046875,0.7901611328125,0.5950629703177257,0.07809376796352425,0.12405324061977425,-0.08283960859113712,-0.2168415796796614,0.9716037507838629,-0.044844509367161375,-0.010346173442725749,-0.22138941327863712,0.9587863679713629,-0.17752003749477424,-0.09213328281772575,-0.20492482265102424,0.97430419921875,0.012421368755225749,-0.09750437656772575,-0.18179249843227424,0.9781345125026129,0.02523875156772575
205,0.71221923828125,0.109375,-0.685546875,-0.10369873046875,0.7901611328125,0.5950927734375,0.07806396484375,0.1240234375,-0.08282470703125,-0.216796875,0.97161865234375,-0.0447998046875,-0.010337395811559364,-0.22133593096780937,0.95880126953125,-0.17752881512594063,-0.0921630859375,-0.20489501953125,0.97430419921875,0.012451171875,-0.09735107421875,-0.18182373046875,0.9781494140625,0.02520751953125
206,0.712158203125,0.10931396484375,-0.685546875,-0.10369873046875,0.7901611328125,0.5950927734375,0.07806396484375,0.12384033203125,-0.0827626512202132,-0.2167037912834448,0.9716496802492683,-0.0447687767819816,-0.0103759765625,-0.2213134765625,0.95880126953125,-0.177490234375,-0.0921630859375,-0.20477294921875,0.974365234375,0.012451171875,-0.097412109375,-0.18182373046875,0.9781494140625,0.02520751953125
207,0.712158203125,0.10931396484375,-0.685546875,-0.10369873046875,0.7901611328125,0.5950927734375,0.07806396484375,0.12384033203125,-0.08270263671875,-0.21661376953125,0.9716796875,-0.04473876953125,-0.01025390625,-0.22113037109375,0.9588623046875,-0.177490234375,-0.0921630859375,-0.20477294921875,0.974365234375,0.012451171875,-0.0972900390625,-0.1817626953125,0.9781494140625,0.02520751953125
208,0.71221923828125,0.109375,-0.68548583984375,-0.10369873046875,0.79022216796875,0.594970703125,0.07806396484375,0.12384033203125,-0.082763671875,-0.21661376953125,0.9716796875,-0.044677734375,-0.01019287109375,-0.22119140625,0.9588623046875,-0.17755126953125,-0.09197998046875,-0.2047119140625,0.974365234375,0.01239013671875,-0.09716796875,-0.18182373046875,0.9781494140625,0.025146484375
209,0.71221923828125,0.109375,-0.68548583984375,-0.10369873046875,0.79022216796875,0.594970703125,0.07806396484375,0.12384033203125,-0.082763671875,-0.21661376953125,0.9716796875,-0.044677734375,-0.0103759765625,-0.22113037109375,0.9588623046875,-0.17742919921875,-0.09197998046875,-0.2047119140625,0.974365234375,0.01239013671875,-0.0972900390625,-0.1817626953125,0.9781494140625,0.0252685546875
210,0.7122802734375,0.109619140625,-0.6854248046875,-0.10369873046875,0.7904052734375,0.59478759765625,0.078369140625,0.12371826171875,-0.082763671875,-0.21673583984375,0.97161865234375,-0.04486083984375,-0.01025390625,-0.22125244140625,0.95880126953125,-0.1776123046875,-0.09210205078125,-0.204833984375,0.97430419921875,0.0123291015625,-0.09722900390625,-0.181884765625,0.9781494140625,0.02508544921875
211,0.7122802734375,0.109619140625,-0.6854248046875,-0.10369873046875,0.7904052734375,0.59478759765625,0.078369140625,0.12371826171875,-0.082763671875,-0.21673583984375,0.97161865234375,-0.04486083984375,-0.01025390625,-0.22125244140625,0.95880126953125,-0.17766660352215718,-0.09210205078125,-0.204833984375,0.97430419921875,0.0123291015625,-0.09716796875,-0.181884765625,0.9781494140625,0.0250244140625
212,0.7122802734375,0.10947890265729517,-0.6854248046875,-0.10369873046875,0.7904052734375,0.5947408516670151,0.07822890265729517,0.12367151572951506,-0.08271692588576506,-0.2166423478652801,0.9716653983329849,-0.04486083984375,-0.01025390625,-0.2211589494277801,0.9588480155204849,-0.1775798478652801,-0.092041015625,-0.2047404923965301,0.974365234375,0.01234726921770484,-0.09716796875,-0.1817912736465301,0.9781494140625,0.02516465203020484
213,0.7122802734375,0.10943603515625,-0.6854248046875,-0.10369873046875,0.7904052734375,0.5947265625,0.07818603515625,0.1236572265625,-0.08270263671875,-0.21661376953125,0.9716796875,-0.04486083984375,-0.01031494140625,-0.22119140625,0.95880126953125,-0.1776123046875,-0.092041015625,-0.2047119140625,0.974365234375,0.01239013671875,-0.09722900390625,-0.1817626953125,0.9781494140625,0.0250244140625
214,0.71234130859375,0.10931396484375,-0.68536376953125,-0.1036376953125,0.7904052734375,0.5948192379546404,0.07809560514214046,0.12362783170464046,-0.08267324186089046,-0.21652333951714048,0.9717090823578596,-0.04486083984375,-0.01025390625,-0.2210693359375,0.9588623046875,-0.1776123046875,-0.09197998046875,-0.20465087890625,0.974365234375,0.0123291015625,-0.09710693359375,-0.18170166015625,0.97821044921875,0.02508544921875
215,0.71234130859375,0.10931396484375,-0.68536376953125,-0.1036376953125,0.7904052734375,0.5948486328125,0.078125,0.1236572265625,-0.08270263671875,-0.216552734375,0.9716796875,-0.04486083984375,-0.0103759765625,-0.22119140625,0.95880126953125,-0.17755126953125,-0.09197998046875,-0.20465087890625,0.974365234375,0.0123291015625,-0.09716796875,-0.18182373046875,0.9781494140625,0.02508544921875
216,0.71246337890625,0.10919189453125,-0.685302734375,-0.103515625,0.79022216796875,0.5950927734375,0.07806396484375,0.1236572265625,-0.08259710101379598,-0.21641923272888797,0.971724188048704,-0.04482777062865803,-0.01025390625,-0.22100830078125,0.9588623046875,-0.17755126953125,-0.09197998046875,-0.20465087890625,0.974365234375,0.0123291015625,-0.0970458984375,-0.18170166015625,0.97821044921875,0.02508544921875
217,0.71246337890625,0.10919189453125,-0.685302734375,-0.103515625,0.79022216796875,0.5950927734375,0.07806396484375,0.1236572265625,-0.0826416015625,-0.216552734375,0.9716796875,-0.04473876953125,-0.010498046875,-0.22113037109375,0.9588623046875,-0.177490234375,-0.09197998046875,-0.20465087890625,0.974365234375,0.0123291015625,-0.09722900390625,-0.1817626953125,0.9781494140625,0.025146484375
218,0.712646484375,0.109130859375,-0.68511962890625,-0.1033935546875,0.78997802734375,0.5953369140625,0.0782470703125,0.123779296875,-0.08270263671875,-0.216552734375,0.9716796875,-0.044677734375,-0.01025390625,-0.220947265625,0.9588623046875,-0.17755126953125,-0.09197998046875,-0.20465087890625,0.974365234375,0.0123291015625,-0.09698486328125,-0.181640625,0.97821044921875,0.025146484375
219,0.712646484375,0.109130859375,-0.68511962890625,-0.1033935546875,0.78997802734375,0.5953369140625,0.0782470703125,0.123779296875,-0.08270263671875,-0.216552734375,0.9716796875,-0.044677734375,-0.010498046875,-0.220947265625,0.95892333984375,-0.177490234375,-0.09197998046875,-0.20465087890625,0.974365234375,0.0123291015625,-0.0972900390625,-0.18170166015625,0.9781494140625,0.025146484375
220,0.712741201139214,0.109130859375,-0.685024912142036,-0.10329883792328597,0.790025385725857,0.595289555680393,0.07810499516617894,0.12373193849289298,-0.08265527833664298,-0.216505375992893,0.9716796875,-0.04477245113921404,-0.010403330110785963,-0.22085254886078595,0.95892333984375,-0.177537592757107,-0.09195997563492894,-0.20449512698578595,0.974412592757107,0.012281743180392981,-0.09714796391617894,-0.18160694339203595,0.978196772444607,0.025051767610785963
221,0.7127685546875,0.109130859375,-0.68499755859375,-0.103271484375,0.7900390625,0.59527587890625,0.07806396484375,0.12371826171875,-0.0826416015625,-0.21649169921875,0.9716796875,-0.0447998046875,-0.01055908203125,-0.2208251953125,0.95892333984375,-0.17755126953125,-0.0919189453125,-0.2044677734375,0.97442626953125,0.01226806640625,-0.09722900390625,-0.18157958984375,0.97821044921875,0.025146484375
222,0.7128653127612876,0.10916311206626254,-0.6849330532112249,-0.10320697899247491,0.7901035678825251,0.5951791208324624,0.07812847022627509,0.12368600902748746,-0.08267385425376254,-0.2164271938362249,0.9717119401912625,-0.04486431007002508,-0.010430071266199834,-0.22079294262123747,0.95892333984375,-0.1776157749137751,-0.09206632786371237,-0.20449655590248747,0.9743974870662625,0.012203561023724916,-0.09709999314119984,-0.18154733715248747,0.97821044921875,0.025049726301212376
223,0.71295166015625,0.10919189453125,-0.68487548828125,-0.1031494140625,0.7901611328125,0.5950927734375,0.07818603515625,0.1236572265625,-0.08270263671875,-0.21636962890625,0.97174072265625,-0.044921875,-0.010498046875,-0.22064208984375,0.95892333984375,-0.17767333984375,-0.09197998046875,-0.2044677734375,0.97442626953125,0.01214599609375,-0.09710693359375,-0.18145751953125,0.97821044921875,0.02496337890625
224,0.71307373046875,0.109130859375,-0.68475341796875,-0.10308837890625,0.7901954268133361,0.5950584794366639,0.07803722368833611,0.12367437356291806,-0.08253667825041806,-0.21627429974916387,0.9717578696566681,-0.04490472799958194,-0.0103759765625,-0.2205810546875,0.95892333984375,-0.17767333984375,-0.0919189453125,-0.204345703125,0.9744873046875,0.01214599609375,-0.096923828125,-0.181396484375,0.978271484375,0.02496337890625
225,0.71307373046875,0.109130859375,-0.68475341796875,-0.10308837890625,0.790283203125,0.594970703125,0.078125,0.12371826171875,-0.08258056640625,-0.2161865234375,0.9718017578125,-0.04486083984375,-0.01043701171875,-0.220458984375,0.958984375,-0.1776123046875,-0.0919189453125,-0.204345703125,0.9744873046875,0.01214599609375,-0.0970458984375,-0.181396484375,0.978271484375,0.0250244140625
226,0.713134765625,0.109130859375,-0.6846923828125,-0.10296630859375,0.7903462795908236,0.5949055853496028,0.0780110949257943,0.12371826171875,-0.08252361386914715,-0.21612548828125,0.9718017578125,-0.044919833690426424,-0.0103759765625,-0.22039794921875,0.958984375,-0.177734375,-0.09185791015625,-0.20428466796875,0.9744873046875,0.01214599609375,-0.096923828125,-0.18133544921875,0.978271484375,0.02490234375
227,0.713134765625,0.109130859375,-0.6846923828125,-0.10296630859375,0.7904052734375,0.59478759765625,0.0782470703125,0.12371826171875,-0.0826416015625,-0.21612548828125,0.9718017578125,-0.04486083984375,-0.0103759765625,-0.2203369140625,0.958984375,-0.17767333984375,-0.09185791015625,-0.20428466796875,0.9744873046875,0.01214599609375,-0.0968017578125,-0.181396484375,0.978271484375,0.02496337890625
228,0.7130867948500209,0.10917883014997909,-0.6847403535874791,-0.10291833781877091,0.7904052734375,0.5947396268812709,0.07829504108747909,0.12367029094377091,-0.08268957233747909,-0.2160775175062709,0.9718017578125,-0.044908810618729096,-0.010471918112458192,-0.2203369140625,0.958984375,-0.1777213106187291,-0.09172277546247909,-0.20428466796875,0.9744873046875,0.012111089700041808,-0.09689769936245819,-0.1813485136000209,0.978271484375,0.024915408131270904
229,0.71307373046875,0.10919189453125,-0.68475341796875,-0.1029052734375,0.79058837890625,0.594482421875,0.078369140625,0.12371826171875,-0.08251953125,-0.2159423828125,0.9718017578125,-0.04486083984375,-0.01025390625,-0.22021484375,0.95904541015625,-0.17767333984375,-0.09173583984375,-0.20428466796875,0.9744873046875,0.0120849609375,-0.0966796875,-0.18133544921875,0.978271484375,0.02496337890625
230,0.7130408653846154,0.10922475961538461,-0.6848191481370193,-0.10283954326923077,0.7908184344951923,0.5941866361177884,0.07840200570913461,0.12371826171875,-0.08251953125,-0.21587665264423078,0.9718346228966346,-0.04495943509615384,-0.010319636418269228,-0.22021484375,0.95904541015625,-0.17773907001201922,-0.09161846454326923,-0.2042518028846154,0.9744873046875,0.011991060697115386,-0.09674541766826923,-0.1813025841346154,0.978271484375,0.02489764873798077
231,0.7130126953125,0.1092529296875,-0.68487548828125,-0.102783203125,0.791015625,0.59393310546875,0.07843017578125,0.12371826171875,-0.08251953125,-0.2158203125,0.97186279296875,-0.0450439453125,-0.01031494140625,-0.22015380859375,0.95904541015625,-0.17779541015625,-0.0916748046875,-0.2042236328125,0.9744873046875,0.011962890625,-0.0966796875,-0.1812744140625,0.97833251953125,0.0247802734375
232,0.7130126953125,0.10906982421875,-0.68487548828125,-0.102783203125,0.7909901086303303,0.5939841382080895,0.078369140625,0.12367498595579014,-0.08251953125,-0.21571600158079013,0.97186279296875,-0.044921875,-0.0103759765625,-0.22003173828125,0.95904541015625,-0.17767333984375,-0.09161376953125,-0.2041015625,0.97454833984375,0.011962890625,-0.0966796875,-0.18121337890625,0.97833251953125,0.02490234375
233,0.7130126953125,0.10906982421875,-0.68487548828125,-0.102783203125,0.79107666015625,0.59381103515625,0.078369140625,0.12371826171875,-0.08251953125,-0.21575927734375,0.97186279296875,-0.044921875,-0.01031494140625,-0.22003173828125,0.95904541015625,-0.17779541015625,-0.09161376953125,-0.2041015625,0.97454833984375,0.011962890625,-0.09661865234375,-0.18133544921875,0.97833251953125,0.02484130859375
234,0.71307373046875,0.10894775390625,-0.68487548828125,-0.10272216796875,0.7910846212635869,0.5938588018002717,0.07831075917119565,0.12366253396739131,-0.08252218495244565,-0.21563986073369565,0.9719211744225543,-0.044924528702445655,-0.010259213654891306,-0.2199149753736413,0.9591037916100543,-0.17773702870244565,-0.091552734375,-0.20416259765625,0.97454833984375,0.01190185546875,-0.09661865234375,-0.18121337890625,0.97833251953125,0.02490234375
235,0.71307373046875,0.10894775390625,-0.68487548828125,-0.10272216796875,0.791259765625,0.59356689453125,0.078369140625,0.123779296875,-0.08258056640625,-0.2156982421875,0.97186279296875,-0.04498291015625,-0.0103759765625,-0.22003173828125,0.95904541015625,-0.17779541015625,-0.091552734375,-0.20416259765625,0.97454833984375,0.01190185546875,-0.0966796875,-0.18133544921875,0.97833251953125,0.0247802734375
236,0.7131708968044523,0.10870483806699413,-0.6847783219455477,-0.10262500163304765,0.791259765625,0.5936640608669523,0.07812622478574413,0.12368213053929765,-0.08243481690269648,-0.2155039095160953,0.9719599593044523,-0.04488574382054765,-0.010230227058946476,-0.21978882244199413,0.9591425764919523,-0.17769824382054766,-0.09150415120714883,-0.2039682649848453,0.9745969230116012,0.011999021804452349,-0.09653393799644648,-0.18109253337949413,0.9783811026991012,0.02487743977320235
237,0.71319580078125,0.108642578125,-0.68475341796875,-0.10260009765625,0.79119873046875,0.59368896484375,0.07806396484375,0.12371826171875,-0.0823974609375,-0.2154541015625,0.97198486328125,-0.04473876953125,-0.01019287109375,-0.21966552734375,0.959228515625,-0.17742919921875,-0.09149169921875,-0.20391845703125,0.974609375,0.01202392578125,-0.0965576171875,-0.18115234375,0.97833251953125,0.02520751953125
238,0.7132627557352634,0.10880996551003347,-0.6846864630147366,-0.10246618774822323,0.7913326403767768,0.5935215774587166,0.07799700988973661,0.12378521667276339,-0.08229702850647992,-0.2154541015625,0.9719513858042433,-0.044939634393290157,-0.010125916139736615,-0.21966552734375,0.9591615606709866,-0.17766354155779684,-0.09139126678772992,-0.2039794921875,0.9745818173207567,0.012189271856709845,-0.09645718475647992,-0.18115234375,0.9783659970082567,0.024973177192203155
239,0.71331787109375,0.10894775390625,-0.68463134765625,-0.10235595703125,0.79119873046875,0.59368896484375,0.0782470703125,0.12371826171875,-0.08245849609375,-0.21563720703125,0.971923828125,-0.0447998046875,-0.01025390625,-0.21978759765625,0.95916748046875,-0.177490234375,-0.09130859375,-0.2039794921875,0.974609375,0.01202392578125,-0.0965576171875,-0.18115234375,0.97833251953125,0.02496337890625
240,0.71343994140625,0.1090087890625,-0.6845703125,-0.1021728515625,0.79132080078125,0.59356689453125,0.078125,0.12371826171875,-0.08235479756741221,-0.21555188029107442,0.971923828125,-0.04498291015625,-0.0101318359375,-0.21966552734375,0.95916748046875,-0.17767333984375,-0.0914306640625,-0.2039794921875,0.974609375,0.01190185546875,-0.096435546875,-0.18109130859375,0.9783935546875,0.02484130859375
241,0.71343994140625,0.1090087890625,-0.6845703125,-0.1021728515625,0.791259765625,0.59356689453125,0.0782470703125,0.123779296875,-0.0823974609375,-0.21563720703125,0.971923828125,-0.04498291015625,-0.01031494140625,-0.2197265625,0.95916748046875,-0.1776123046875,-0.0914306640625,-0.2039794921875,0.974609375,0.01190185546875,-0.0966796875,-0.18115234375,0.97833251953125,0.02484130859375
242,0.71356201171875,0.10894775390625,-0.6844482421875,-0.10205078125,0.79132080078125,0.59356689453125,0.0780029296875,0.123779296875,-0.08227865672031773,-0.2154671659437709,0.971923828125,-0.04504067921718227,-0.01019287109375,-0.2196044921875,0.95916748046875,-0.17767333984375,-0.09136962890625,-0.2039794921875,0.974609375,0.011962890625,-0.09649658203125,-0.1810302734375,0.9783935546875,0.02484130859375
243,0.71356201171875,0.10894775390625,-0.6844482421875,-0.10205078125,0.79132080078125,0.59356689453125,0.078125,0.123779296875,-0.08233642578125,-0.2156982421875,0.971923828125,-0.04498291015625,-0.01031494140625,-0.21978759765625,0.95916748046875,-0.17755126953125,-0.09136962890625,-0.2039794921875,0.974609375,0.011962890625,-0.09649658203125,-0.18125726706208195,0.9783368062813546,0.02501155381218646
244,0.7136604028401965,0.10894775390625,-0.6843498510660535,-0.1019523901285535,0.7913699963419732,0.5935176989705268,0.07792821775710701,0.12382849243572325,-0.08218883909908026,-0.2155998510660535,0.971923828125,-0.045081301277696495,-0.01016735472408026,-0.2196892065348035,0.95916748046875,-0.1776496606526965,-0.0912712377848035,-0.20402868774822325,0.974609375,0.012061281746446493,-0.0963981909098035,-0.1811760229410535,0.9783817150919732,0.024975218501776753
245,0.71368408203125,0.10894775390625,-0.684326171875,-0.1019287109375,0.7913818359375,0.59344482421875,0.0780029296875,0.12371826171875,-0.08221435546875,-0.2156982421875,0.971923828125,-0.04498291015625,-0.01007080078125,-0.2197265625,0.95916748046875,-0.17755126953125,-0.09124755859375,-0.20404052734375,0.974609375,0.0120849609375,-0.09637451171875,-0.181193986465301,0.978351911972199,0.025046664336852008
246,0.7137451171875,0.1090087890625,-0.68426513671875,-0.1019287109375,0.7913818359375,0.59344482421875,0.07794189453125,0.12384033203125,-0.08209228515625,-0.2156982421875,0.971923828125,-0.0450439453125,-0.010009765625,-0.2197265625,0.95916748046875,-0.17755126953125,-0.09112548828125,-0.20416259765625,0.97454833984375,0.01202392578125,-0.0963134765625,-0.1812744140625,0.97833251953125,0.0250244140625
247,0.7137451171875,0.1090087890625,-0.68426513671875,-0.1019287109375,0.79144287109375,0.5933837890625,0.077880859375,0.123779296875,-0.0821533203125,-0.2156982421875,0.971923828125,-0.04510498046875,-0.01007080078125,-0.21978759765625,0.95916748046875,-0.1776123046875,-0.09112548828125,-0.20416259765625,0.97454833984375,0.01202392578125,-0.09625244140625,-0.1812744140625,0.97833251953125,0.02496337890625
248,0.7137451171875,0.10888671875,-0.68426513671875,-0.10198974609375,0.7913818359375,0.593505859375,0.077880859375,0.123779296875,-0.08213433613346571,-0.2156182228522157,0.971923828125,-0.04498291015625,-0.01007080078125,-0.21968859414193143,0.9591864646477842,-0.177490234375,-0.09112548828125,-0.2039794921875,0.974609375,0.01214599609375,-0.09625244140625,-0.1812744140625,0.97833251953125,0.025146484375
249,0.7137451171875,0.10888671875,-0.68426513671875,-0.10198974609375,0.79132080078125,0.59356689453125,0.07781982421875,0.1236572265625,-0.08209228515625,-0.215576171875,0.971923828125,-0.04498291015625,-0.01007080078125,-0.2196044921875,0.959228515625,-0.177490234375,-0.09112548828125,-0.2039794921875,0.974609375,0.01214599609375,-0.09619140625,-0.18115234375,0.9783935546875,0.02520751953125
250,0.71368408203125,0.109130859375,-0.68426513671875,-0.10198974609375,0.79144287109375,0.59344482421875,0.0780029296875,0.123779296875,-0.08215719880068979,-0.21569048521112041,0.971923828125,-0.0451582586486204,-0.010074679269439798,-0.2197265625,0.95916748046875,-0.17766558286737041,-0.091064453125,-0.2041015625,0.974609375,0.0120849609375,-0.09625244140625,-0.18133544921875,0.97833251953125,0.0250244140625
251,0.71368408203125,0.109130859375,-0.68426513671875,-0.10198974609375,0.7913818359375,0.593505859375,0.07794189453125,0.1236572265625,-0.08221435546875,-0.215576171875,0.971923828125,-0.0450439453125,-0.0101318359375,-0.2197265625,0.95916748046875,-0.17755126953125,-0.091064453125,-0.2041015625,0.974609375,0.0120849609375,-0.09619508060723245,-0.18127808841973245,0.97833251953125,0.02508177486151756
252,0.71368408203125,0.1092529296875,-0.68426513671875,-0.10198974609375,0.79144287109375,0.5933837890625,0.0780029296875,0.12371826171875,-0.08221435546875,-0.2156982421875,0.971923828125,-0.04510498046875,-0.01007080078125,-0.21978759765625,0.95916748046875,-0.1776123046875,-0.09107568032765469,-0.20411278970265467,0.9745981477973453,0.011962890625,-0.09619140625,-0.181396484375,0.97833251953125,0.02496337890625
253,0.71368408203125,0.1092529296875,-0.68426513671875,-0.10198974609375,0.79156494140625,0.59332275390625,0.077880859375,0.1236572265625,-0.0821533203125,-0.215576171875,0.971923828125,-0.04522705078125,-0.010009765625,-0.2197265625,0.95916748046875,-0.17767333984375,-0.091064453125,-0.2041015625,0.974609375,0.011962890625,-0.09606464092548077,-0.181396484375,0.97833251953125,0.024921123798076924
254,0.71356201171875,0.109130859375,-0.68438720703125,-0.10211181640625,0.79144287109375,0.59344482421875,0.0780029296875,0.12359619140625,-0.082275390625,-0.21563720703125,0.971923828125,-0.0450439453125,-0.0101318359375,-0.21978759765625,0.95916748046875,-0.177490234375,-0.09100341796875,-0.20416259765625,0.974609375,0.0120849609375,-0.09619140625,-0.181396484375,0.97833251953125,0.02508544921875
255,0.71356201171875,0.109130859375,-0.68438720703125,-0.10211181640625,0.7916259765625,0.59320068359375,0.077880859375,0.12359619140625,-0.0821533203125,-0.215576171875,0.971923828125,-0.04510498046875,-0.010009765625,-0.2197265625,0.95916748046875,-0.1776123046875,-0.09100341796875,-0.20416259765625,0.974609375,0.0120849609375,-0.09616425683267141,-0.181396484375,0.97833251953125,0.025058299801421404
256,0.71356201171875,0.10906982421875,-0.68438720703125,-0.10211181640625,0.7916259765625,0.59326171875,0.077880859375,0.12353515625,-0.0821141271686873,-0.21549554014684363,0.9719434246969063,-0.04508538389684365,-0.009990169053093646,-0.21970696592809363,0.95916748046875,-0.17755126953125,-0.0909423828125,-0.20416259765625,0.974609375,0.0120849609375,-0.09613037109375,-0.18133544921875,0.97833251953125,0.02508544921875
257,0.71356201171875,0.10906982421875,-0.68438720703125,-0.10211181640625,0.7916259765625,0.59320068359375,0.07781982421875,0.12359619140625,-0.08203125,-0.2154541015625,0.97198486328125,-0.0450439453125,-0.00994873046875,-0.21966552734375,0.95916748046875,-0.17755126953125,-0.0909423828125,-0.20416259765625,0.974609375,0.0120849609375,-0.095947265625,-0.18133544921875,0.9783935546875,0.02508544921875
258,0.7135009765625,0.10919189453125,-0.6844482421875,-0.10205078125,0.79168701171875,0.59307861328125,0.07794189453125,0.12359619140625,-0.08208330339412626,-0.2154541015625,0.97198486328125,-0.045157033862876256,-0.009996292981814387,-0.21971758073787626,0.95916748046875,-0.17766884896268814,-0.0908203125,-0.2041015625,0.974609375,0.0120849609375,-0.09600830078125,-0.181396484375,0.97833251953125,0.02496337890625
259,0.7135009765625,0.10919189453125,-0.6844482421875,-0.10205078125,0.7916259765625,0.59320068359375,0.077880859375,0.12359619140625,-0.08197021484375,-0.2154541015625,0.97198486328125,-0.0450439453125,-0.00982666015625,-0.2196044921875,0.95916748046875,-0.1776123046875,-0.0908203125,-0.2041015625,0.974609375,0.0120849609375,-0.09589235439747074,-0.181396484375,0.9783904927231396,0.025079325290029264
260,0.7135009765625,0.1092529296875,-0.6844482421875,-0.10205078125,0.7916259765625,0.59320068359375,0.077880859375,0.1236572265625,-0.08197021484375,-0.2154541015625,0.97198486328125,-0.04510498046875,-0.00982666015625,-0.21966552734375,0.95916748046875,-0.1776123046875,-0.09076989215353261,-0.20416259765625,0.974609375,0.01202392578125,-0.09588623046875,-0.181396484375,0.97833251953125,0.0250244140625
261,0.7135009765625,0.1092529296875,-0.6844482421875,-0.10205078125,0.79150390625,0.59332275390625,0.077880859375,0.1236572265625,-0.08197021484375,-0.2154541015625,0.97198486328125,-0.04510498046875,-0.00982666015625,-0.21966552734375,0.95916748046875,-0.1776123046875,-0.09075927734375,-0.20416259765625,0.974609375,0.01202392578125,-0.09584336296770485,-0.181396484375,0.9783753870322951,0.0250244140625
262,0.713623046875,0.109130859375,-0.68438720703125,-0.10205078125,0.79150390625,0.5933837890625,0.0777587890625,0.12371826171875,-0.081787109375,-0.21539306640625,0.97198486328125,-0.04498291015625,-0.00970458984375,-0.21954345703125,0.959228515625,-0.17755126953125,-0.09067252168687291,-0.20404052734375,0.974609375,0.01214599609375,-0.095703125,-0.18133544921875,0.9783935546875,0.025146484375
263,0.713623046875,0.109130859375,-0.68438720703125,-0.10205078125,0.79144287109375,0.59344482421875,0.07794189453125,0.12359619140625,-0.0819091796875,-0.2154541015625,0.97198486328125,-0.04498291015625,-0.0098876953125,-0.2196044921875,0.959228515625,-0.17742919921875,-0.0906982421875,-0.20404052734375,0.974609375,0.01214599609375,-0.09584193405100334,-0.18136321102895067,0.9783657928772993,0.025174246185200668
264,0.7137451171875,0.10919189453125,-0.6842041015625,-0.10198974609375,0.79150390625,0.5933837890625,0.0777587890625,0.12371826171875,-0.08172607421875,-0.2154541015625,0.97198486328125,-0.0450439453125,-0.009724390546613705,-0.21962470115227842,0.959228515625,-0.17749064263691472,-0.09053493742161371,-0.20408094527330686,0.9746502011914716,0.012064343710806853,-0.0958251953125,-0.181396484375,0.9783935546875,0.025146484375
265,0.7137451171875,0.10919189453125,-0.6842041015625,-0.10198974609375,0.7913818359375,0.593505859375,0.07794189453125,0.12359619140625,-0.08197021484375,-0.21551513671875,0.97198486328125,-0.044921875,-0.0098876953125,-0.21966552734375,0.959228515625,-0.1773681640625,-0.0906982421875,-0.20416259765625,0.974609375,0.01214599609375,-0.0958251953125,-0.1814091404943562,0.9783808985681438,0.025171796613712376
266,0.7138671875,0.1092529296875,-0.68408203125,-0.1019287109375,0.79144287109375,0.59344482421875,0.07781982421875,0.12371826171875,-0.081787109375,-0.21550493017088213,0.97198486328125,-0.0450439453125,-0.009709693117683944,-0.21959938891356606,0.959228515625,-0.177490234375,-0.090576171875,-0.20416259765625,0.974609375,0.01214599609375,-0.09564208984375,-0.181396484375,0.9783935546875,0.025146484375
267,0.7138671875,0.1092529296875,-0.68408203125,-0.1019287109375,0.79144287109375,0.59344482421875,0.077880859375,0.12353515625,-0.081787109375,-0.21539306640625,0.97198486328125,-0.0450439453125,-0.009765625,-0.21954345703125,0.959228515625,-0.177490234375,-0.090576171875,-0.20416259765625,0.974609375,0.01214599609375,-0.09558350425898829,-0.181396484375,0.9783935546875,0.025205069959761704
268,0.71392822265625,0.1092529296875,-0.68402099609375,-0.1019287109375,0.79144287109375,0.59344482421875,0.07781982421875,0.12359619140625,-0.08172607421875,-0.21539306640625,0.97198486328125,-0.0450439453125,-0.00970458984375,-0.21954345703125,0.959228515625,-0.177490234375,-0.09051513671875,-0.20406053217757106,0.9746604077393395,0.01214599609375,-0.095458984375,-0.181396484375,0.9783935546875,0.02520751953125
269,0.71392822265625,0.1092529296875,-0.68402099609375,-0.1019287109375,0.7913818359375,0.593505859375,0.07781982421875,0.12359619140625,-0.0816650390625,-0.21533203125,0.9720458984375,-0.0450439453125,-0.00970458984375,-0.219482421875,0.959228515625,-0.177490234375,-0.09051513671875,-0.20404052734375,0.97467041015625,0.01214599609375,-0.09550246426891722,-0.18143996426891723,0.9783935546875,0.02529447931908444
270,0.71392822265625,0.10931396484375,-0.68402099609375,-0.101806640625,0.79144287109375,0.59344482421875,0.07781982421875,0.12359619140625,-0.0816650390625,-0.21527099609375,0.9720458984375,-0.045166015625,-0.00970458984375,-0.21949324081573995,0.959228515625,-0.17754045059051005,-0.09051513671875,-0.20408727333298496,0.974634483107755,0.012059852829744982,-0.09552001953125,-0.181396484375,0.9783935546875,0.02520751953125
271,0.71392822265625,0.10931396484375,-0.68402099609375,-0.101806640625,0.79132080078125,0.59356689453125,0.0780029296875,0.1236572265625,-0.0816650390625,-0.21533203125,0.9720458984375,-0.04498291015625,-0.00970458984375,-0.21954345703125,0.959228515625,-0.177490234375,-0.09051513671875,-0.20416259765625,0.974609375,0.0120849609375,-0.09552001953125,-0.18145323278114547,0.9783935546875,0.02523589373432274
272,0.71392822265625,0.1092529296875,-0.68408203125,-0.10162353515625,0.79144287109375,0.593505859375,0.077880859375,0.12353515625,-0.08172607421875,-0.21514892578125,0.9720458984375,-0.0450439453125,-0.009786446357650498,-0.219401994277801,0.959228515625,-0.177509626815949,-0.0905359580764005,-0.204021134902801,0.9746495887985995,0.012065568496550997,-0.0955810546875,-0.18133544921875,0.9783935546875,0.02520751953125
273,0.71392822265625,0.1092529296875,-0.68408203125,-0.10162353515625,0.7913818359375,0.593505859375,0.07806396484375,0.1236572265625,-0.08172607421875,-0.21533203125,0.9720458984375,-0.04498291015625,-0.00982666015625,-0.219482421875,0.959228515625,-0.17742919921875,-0.090576171875,-0.2041015625,0.974609375,0.01214599609375,-0.09560759171195651,-0.1813619862432065,0.9783935546875,0.02520751953125
274,0.71405029296875,0.109130859375,-0.68402099609375,-0.10150146484375,0.7913818359375,0.59356689453125,0.07781982421875,0.12359619140625,-0.08160400390625,-0.21516035711486203,0.972101217926944,-0.044921875,-0.009765625,-0.21942138671875,0.95928955078125,-0.17742919921875,-0.0904541015625,-0.2041015625,0.974609375,0.01214599609375,-0.0955810546875,-0.1812744140625,0.9783935546875,0.02520751953125
275,0.71405029296875,0.109130859375,-0.68402099609375,-0.10150146484375,0.79132080078125,0.59356689453125,0.07794189453125,0.1236572265625,-0.08160400390625,-0.21527099609375,0.9720458984375,-0.044921875,-0.009765625,-0.21942138671875,0.95928955078125,-0.17742919921875,-0.0904541015625,-0.2041015625,0.974609375,0.01214599609375,-0.0955810546875,-0.1812744140625,0.9783935546875,0.02520751953125
276,0.71405029296875,0.10906982421875,-0.6839599609375,-0.1014404296875,0.79132080078125,0.5936279296875,0.077880859375,0.12359619140625,-0.08160400390625,-0.2152099609375,0.9720458984375,-0.044921875,-0.009662334735576926,-0.2193603515625,0.95928955078125,-0.17742919921875,-0.09040245643028846,-0.20409217247596154,0.97467041015625,0.012197641225961536,-0.095458984375,-0.18133544921875,0.9783935546875,0.0252685546875
277,0.71405029296875,0.10906982421875,-0.6839599609375,-0.1014404296875,0.791259765625,0.59368896484375,0.077880859375,0.12353515625,-0.08148193359375,-0.2152099609375,0.97210693359375,-0.04486083984375,-0.0096435546875,-0.2193603515625,0.95928955078125,-0.17742919921875,-0.09039306640625,-0.2041015625,0.97467041015625,0.01220703125,-0.09537079980142141,-0.18137954150553928,0.9783935546875,0.025312646974289293
278,0.714111328125,0.10906982421875,-0.6839599609375,-0.10137939453125,0.79132080078125,0.5936279296875,0.07781982421875,0.12353515625,-0.08134781955476589,-0.21511238633988294,0.97210693359375,-0.04484879611726589,-0.009521484375,-0.21929931640625,0.95928955078125,-0.1773681640625,-0.0902099609375,-0.2041015625,0.97467041015625,0.01226806640625,-0.09527587890625,-0.181396484375,0.9783935546875,0.0252685546875
279,0.714111328125,0.10906982421875,-0.6839599609375,-0.10137939453125,0.79119873046875,0.59381103515625,0.0777587890625,0.1234130859375,-0.081298828125,-0.215087890625,0.97210693359375,-0.0447998046875,-0.009521484375,-0.21929931640625,0.95928955078125,-0.1773681640625,-0.0902099609375,-0.2041015625,0.97467041015625,0.01226806640625,-0.09524689231030518,-0.181396484375,0.9784225412834449,0.025326527879389625
280,0.71405029296875,0.1092529296875,-0.6839599609375,-0.101318359375,0.791259765625,0.59368896484375,0.077880859375,0.12347412109375,-0.08135986328125,-0.21517035953177258,0.97210693359375,-0.04496147640572743,-0.00946044921875,-0.2193603515625,0.95928955078125,-0.177490234375,-0.09027099609375,-0.2042236328125,0.97467041015625,0.0120849609375,-0.09521484375,-0.18145751953125,0.9783935546875,0.02520751953125
281,0.71405029296875,0.1092529296875,-0.6839599609375,-0.101318359375,0.7913818359375,0.59356689453125,0.0780029296875,0.12335205078125,-0.08135986328125,-0.2152099609375,0.97210693359375,-0.044921875,-0.00946044921875,-0.2193603515625,0.95928955078125,-0.177490234375,-0.09027099609375,-0.2042236328125,0.97467041015625,0.0120849609375,-0.09521484375,-0.18147140043635032,0.9783935546875,0.025179757721049335
282,0.714111328125,0.109130859375,-0.6839599609375,-0.101318359375,0.79132080078125,0.5936279296875,0.077880859375,0.123291015625,-0.081298828125,-0.21514892578125,0.97210693359375,-0.044867167903428096,-0.0093994140625,-0.2193603515625,0.95928955078125,-0.177490234375,-0.0902099609375,-0.20416259765625,0.97467041015625,0.01214599609375,-0.09515380859375,-0.18145751953125,0.9783935546875,0.02520751953125
283,0.714111328125,0.109130859375,-0.6839599609375,-0.101318359375,0.79150390625,0.593505859375,0.07781982421875,0.12322998046875,-0.081298828125,-0.21514892578125,0.97210693359375,-0.044921875,-0.0093994140625,-0.2193603515625,0.95928955078125,-0.177490234375,-0.0902099609375,-0.20416259765625,0.97467041015625,0.01214599609375,-0.09515380859375,-0.18145751953125,0.9783935546875,0.02520751953125
284,0.714111328125,0.1090087890625,-0.6839599609375,-0.10137939453125,0.7913818359375,0.59356689453125,0.07781982421875,0.1231689453125,-0.08124657059991638,-0.21503563309991638,0.9721591911188336,-0.04490431973766723,-0.0093994140625,-0.2193603515625,0.95928955078125,-0.177490234375,-0.09015770341241638,-0.20411034013116638,0.97467041015625,0.012215808881166385,-0.09515380859375,-0.181396484375,0.97845458984375,0.0252685546875
285,0.714111328125,0.1090087890625,-0.6839599609375,-0.10137939453125,0.79150390625,0.59356689453125,0.07769775390625,0.12298583984375,-0.08123779296875,-0.21502685546875,0.97216796875,-0.044921875,-0.0093994140625,-0.2193603515625,0.95928955078125,-0.177490234375,-0.09014892578125,-0.2041015625,0.97467041015625,0.01220703125,-0.09510910391408862,-0.18148589373432275,0.9784098851640887,0.0252685546875
286,0.714111328125,0.10888671875,-0.6839599609375,-0.10137939453125,0.79144287109375,0.5936279296875,0.07763671875,0.1229248046875,-0.0811263374660326,-0.21492866847826086,0.97216796875,-0.044823688009510865,-0.00927734375,-0.21923828125,0.95928955078125,-0.1773681640625,-0.09002685546875,-0.20404052734375,0.97467041015625,0.01239013671875,-0.0950927734375,-0.18145751953125,0.97845458984375,0.02532958984375
287,0.714111328125,0.10888671875,-0.6839599609375,-0.10137939453125,0.7913818359375,0.59375,0.07757568359375,0.1229248046875,-0.0810546875,-0.21490478515625,0.97216796875,-0.0447998046875,-0.00927734375,-0.21923828125,0.95928955078125,-0.1773681640625,-0.09002685546875,-0.20404052734375,0.97467041015625,0.01239013671875,-0.09503357545986622,-0.18145751953125,0.9784249908549331,0.025447985799017563
288,0.71405029296875,0.109130859375,-0.6839599609375,-0.10125732421875,0.79150390625,0.593505859375,0.07763671875,0.12298583984375,-0.08113776879964466,-0.21498786645589466,0.97216796875,-0.04497780688231605,-0.00927734375,-0.21942138671875,0.95928955078125,-0.1773681640625,-0.09002685546875,-0.20428466796875,0.97467041015625,0.01239013671875,-0.09503173828125,-0.1815185546875,0.9783935546875,0.02532958984375
289,0.71405029296875,0.109130859375,-0.6839599609375,-0.10125732421875,0.7913818359375,0.59368896484375,0.0777587890625,0.1229248046875,-0.0811767578125,-0.21502685546875,0.97216796875,-0.04486083984375,-0.00927734375,-0.21942138671875,0.95928955078125,-0.1773681640625,-0.09002685546875,-0.20428466796875,0.97467041015625,0.01239013671875,-0.09503173828125,-0.18154754128344483,0.9783935546875,0.025358576439694823
290,0.71405029296875,0.1092529296875,-0.68402099609375,-0.1011962890625,0.79144287109375,0.59356689453125,0.07781982421875,0.1229248046875,-0.08123085251619984,-0.21504073637385032,0.9721610282974499,-0.04497596970369983,-0.00933837890625,-0.219482421875,0.959228515625,-0.177490234375,-0.090087890625,-0.204345703125,0.974609375,0.01226806640625,-0.09503173828125,-0.18170166015625,0.9783935546875,0.02532958984375
291,0.71405029296875,0.1092529296875,-0.68402099609375,-0.1011962890625,0.79144287109375,0.59356689453125,0.07781982421875,0.12310791015625,-0.0811767578125,-0.21514892578125,0.97210693359375,-0.044921875,-0.00933837890625,-0.219482421875,0.959228515625,-0.177490234375,-0.090087890625,-0.204345703125,0.974609375,0.01226806640625,-0.09503173828125,-0.18170166015625,0.9783935546875,0.02532958984375
292,0.71405029296875,0.109130859375,-0.68402099609375,-0.10113525390625,0.79144287109375,0.5936279296875,0.07769775390625,0.12298583984375,-0.0811238878945443,-0.2151325953046614,0.9721150988320443,-0.044966579679661375,-0.00927734375,-0.219482421875,0.959228515625,-0.177490234375,-0.090087890625,-0.2042765027304557,0.97467041015625,0.0123291015625,-0.09503173828125,-0.181640625,0.9783935546875,0.02532958984375
293,0.71405029296875,0.109130859375,-0.68402099609375,-0.10113525390625,0.79144287109375,0.59356689453125,0.07781982421875,0.12310791015625,-0.08111572265625,-0.21514892578125,0.97210693359375,-0.04498291015625,-0.00927734375,-0.219482421875,0.959228515625,-0.177490234375,-0.090087890625,-0.20428466796875,0.97467041015625,0.0123291015625,-0.09503173828125,-0.181640625,0.9783935546875,0.02532958984375
294,0.71417236328125,0.10894775390625,-0.6839599609375,-0.10107421875,0.7913818359375,0.59368896484375,0.07757568359375,0.123046875,-0.0810314165708612,-0.21500358453961121,0.97216796875,-0.04482307561663879,-0.00927734375,-0.21942138671875,0.95928955078125,-0.1773681640625,-0.08998031361047241,-0.2041770909542224,0.97467041015625,0.012526700329222411,-0.094970703125,-0.18157958984375,0.9783935546875,0.02545166015625
295,0.71417236328125,0.10894775390625,-0.6839599609375,-0.10107421875,0.791259765625,0.59375,0.0777587890625,0.123046875,-0.0810546875,-0.21502685546875,0.97216796875,-0.0447998046875,-0.00927734375,-0.21942138671875,0.95928955078125,-0.1773681640625,-0.09002685546875,-0.2042236328125,0.97467041015625,0.0125732421875,-0.094970703125,-0.18164001260712792,0.9783935546875,0.025572505683005866
296,0.71429443359375,0.1090087890625,-0.683837890625,-0.10101318359375,0.79132080078125,0.59368896484375,0.07763671875,0.1231689453125,-0.08091689910378344,-0.21504951400501673,0.97216796875,-0.04485389939119983,-0.0091552734375,-0.21942138671875,0.95928955078125,-0.17730712890625,-0.08990478515625,-0.20428466796875,0.97467041015625,0.0125732421875,-0.0948486328125,-0.18170166015625,0.9783935546875,0.02557373046875
297,0.71429443359375,0.1090087890625,-0.683837890625,-0.10101318359375,0.79132080078125,0.59368896484375,0.0777587890625,0.12310791015625,-0.08099365234375,-0.215087890625,0.97216796875,-0.04473876953125,-0.0091552734375,-0.21942138671875,0.95928955078125,-0.17730712890625,-0.08990478515625,-0.20428466796875,0.97467041015625,0.0125732421875,-0.09483352712165552,-0.18168655446540552,0.9783935546875,0.02557373046875
298,0.71429443359375,0.10906982421875,-0.68377685546875,-0.10101318359375,0.7913818359375,0.5936279296875,0.07769775390625,0.1231689453125,-0.08087158203125,-0.215087890625,0.97216796875,-0.044921875,-0.00909423828125,-0.2193603515625,0.95928955078125,-0.177490234375,-0.08984375,-0.2042236328125,0.97467041015625,0.01239013671875,-0.09478759765625,-0.18170166015625,0.9783935546875,0.0255126953125
299,0.71429443359375,0.10906982421875,-0.68377685546875,-0.10101318359375,0.79156494140625,0.5933837890625,0.07769775390625,0.12322998046875,-0.08087158203125,-0.215087890625,0.97216796875,-0.044921875,-0.00909423828125,-0.2193603515625,0.95928955078125,-0.177490234375,-0.08984375,-0.2042236328125,0.97467041015625,0.01239013671875,-0.09478759765625,-0.18170166015625,0.9783935546875,0.0255126953125
