timestep,imu0_w,imu0_x,imu0_y,imu0_z,imu1_w,imu1_x,imu1_y,imu1_z,imu2_w,imu2_x,imu2_y,imu2_z,imu3_w,imu3_x,imu3_y,imu3_z,imu4_w,imu4_x,imu4_y,imu4_z,imu5_w,imu5_x,imu5_y,imu5_z
0,0.9774169921875,-0.09228515625,0.0938720703125,0.1651611328125,0.3150634765625,0.246337890625,-0.02886962890625,-0.916015625,0.9810791015625,0.16668701171875,0.000732421875,-0.09808349609375,0.96893310546875,0.2227783203125,-0.07208251953125,-0.07916259765625,0.9783935546875,0.05078125,-0.0948486328125,-0.17633056640625,0.97601318359375,-0.091796875,0.04052734375,-0.19293212890625
1,0.9773637140076296,-0.09271138168896322,0.09339256669366638,0.16532096735211121,0.31495692020275917,0.246337890625,-0.02807045620819398,-0.9161221813597408,0.9810258233826296,0.1669001244382316,0.001371760033444816,-0.0984031651729724,0.9688265491090092,0.2232045457514632,-0.07165629409228678,-0.0793757103757316,0.9783935546875,0.05120747543896321,-0.09436912919366638,-0.1764371227659908,0.97601318359375,-0.0914772059207776,0.04095356918896321,-0.1931452416257316
2,0.97735595703125,-0.0927734375,0.09332275390625,0.16534423828125,0.31494140625,0.246337890625,-0.0279541015625,-0.9161376953125,0.98101806640625,0.16693115234375,0.00146484375,-0.09844970703125,0.9689020775632317,0.223038995545046,-0.0715031958742684,-0.0794522594847408,0.9783935546875,0.05108744643603679,-0.09429931640625,-0.1765892003292224,0.97601318359375,-0.0914306640625,0.041015625,-0.19317626953125
3,0.97735595703125,-0.09292449440844482,0.09305840431647157,0.16545753096258362,0.3149791704771112,0.24630012639788879,-0.027689751972721572,-0.9161376953125,0.9809803021791388,0.1670066807979724,0.0018047217940008362,-0.09863852816680602,0.96893310546875,0.22292366155413879,-0.07120781837897157,-0.07958106611883362,0.9783935546875,0.05106315485211121,-0.09411049527069398,-0.17674903486883362,0.9759754193666388,-0.09124184292694398,0.041128917681333615,-0.19332732643969483
4,0.97735595703125,-0.093017578125,0.0928955078125,0.16552734375,0.3150624559077132,0.24639688447167643,-0.027586869970213212,-0.9160776808110368,0.98095703125,0.16705322265625,0.00201416015625,-0.0987548828125,0.96893310546875,0.222900390625,-0.071044921875,-0.07965087890625,0.9783935546875,0.05108642578125,-0.093994140625,-0.17681884765625,0.9759521484375,-0.09112548828125,0.04119873046875,-0.19342041015625
5,0.97735595703125,-0.09306207867370402,0.09278425644073997,0.16559409457305602,0.315057760895694,0.24645424527069398,-0.027559924683841972,-0.916060125548704,0.980934780975648,0.16705322265625,0.00214766180236204,-0.09882163363555602,0.96893310546875,0.222900390625,-0.07093367050323997,-0.07969537945495402,0.9783935546875,0.05108642578125,-0.09388288925323997,-0.17688559847930602,0.9759521484375,-0.09101423690948997,0.04130998184051003,-0.19353166152801005
6,0.97735595703125,-0.09315414173547241,0.09254685213733277,0.16573943581469483,0.31495589954797243,0.2463233973270276,-0.027375798560305184,-0.9161376953125,0.98089599609375,0.16705322265625,0.0024673308815844485,-0.09899596147313963,0.96893310546875,0.2229148839229724,-0.07071075949780518,-0.07980193581469482,0.9783790613895276,0.05110091907922241,-0.09364548494983277,-0.17703093972094483,0.9759376551395276,-0.09079132590405518,0.04156187944188963,-0.19378355912938963
7,0.97735595703125,-0.09320068359375,0.0924072265625,0.16583251953125,0.31500244140625,0.24627685546875,-0.02728271484375,-0.9161376953125,0.98089599609375,0.16705322265625,0.00274658203125,-0.09918212890625,0.9689398417903428,0.22294795313806437,-0.07061093945965718,-0.07989501953125,0.97833251953125,0.05114072461590719,-0.09351259569659282,-0.17713075975909282,0.97589111328125,-0.0906982421875,0.041748046875,-0.1939697265625
8,0.97735595703125,-0.09320068359375,0.0924072265625,0.16583251953125,0.31500244140625,0.24627685546875,-0.02728271484375,-0.9161376953125,0.98089599609375,0.16705322265625,0.00274658203125,-0.09918212890625,0.9689931199702132,0.22284139677832357,-0.07055766127978678,-0.07989501953125,0.97833251953125,0.05108744643603679,-0.09356587387646322,-0.1771840379389632,0.97589111328125,-0.0906982421875,0.041748046875,-0.1939697265625
9,0.9773036995061664,-0.09335745616900083,0.09230271151233277,0.16588477705633362,0.31500244140625,0.24638137051891723,-0.026969169693248328,-0.9161376953125,0.98089599609375,0.16710548018133362,0.0029556121315844485,-0.09939115900658445,0.968994140625,0.22278709794366638,-0.07039986804974917,-0.08010404963158445,0.97833251953125,0.05129545588158445,-0.09346237948108277,-0.17723731611883362,0.9758388557561664,-0.09059372713733277,0.042009334500418063,-0.19412649913775085
10,0.977294921875,-0.0933837890625,0.09228515625,0.1658935546875,0.31500244140625,0.24639892578125,-0.02691650390625,-0.9161376953125,0.98089599609375,0.1671142578125,0.00299072265625,-0.09942626953125,0.968994140625,0.2227783203125,-0.07037353515625,-0.08013916015625,0.97833251953125,0.051108063662729936,-0.09340032367004598,-0.17737959539611203,0.975830078125,-0.090576171875,0.04205322265625,-0.19415283203125
11,0.977294921875,-0.0936409940687709,0.09217492553302675,0.16596704183214883,0.31489221068927675,0.24643566935357442,-0.026475581038357024,-0.9161744388848244,0.9808225089491012,0.16726123210179766,0.0031744405178720735,-0.09960998739287208,0.9689573970526756,0.2229987817464465,-0.0701530737223035,-0.08028613444554766,0.97833251953125,0.05120910848662207,-0.0931265840562291,-0.17753942993572325,0.975830078125,-0.0903557104410535,0.042310427662520904,-0.19422631917589883
12,0.977294921875,-0.09381103515625,0.09210205078125,0.166015625,0.3148193359375,0.2464599609375,-0.02618408203125,-0.91619873046875,0.98077392578125,0.1673583984375,0.0032958984375,-0.0997314453125,0.96893310546875,0.22314453125,-0.07000732421875,-0.08038330078125,0.97833251953125,0.05133056640625,-0.09295654296875,-0.1776123046875,0.975830078125,-0.0902099609375,0.04248046875,-0.19427490234375
13,0.9772736922554348,-0.09389595363451086,0.09205959154211957,0.16605808423913043,0.31479810631793476,0.24650242017663043,-0.026077933933423912,-0.91619873046875,0.9807526961616848,0.16744331691576086,0.003529424252717392,-0.09979513417119565,0.9689118758491848,0.22325067934782608,-0.06985871688179347,-0.08040453040081522,0.97833251953125,0.05143671450407609,-0.09278670601222826,-0.17763353430706522,0.975830078125,-0.09014627207880435,0.042607846467391304,-0.19427490234375
14,0.9772473593619356,-0.09405517578125,0.09193956253919314,0.1661376953125,0.31477177342443563,0.24656855860681437,-0.02586543360681438,-0.9161852578255644,0.980712890625,0.16764295699205686,0.004034648372178093,-0.09988760549487877,0.9688720703125,0.22344970703125,-0.06953966019544314,-0.08045780858068562,0.97833251953125,0.0516357421875,-0.09242784378919314,-0.17765986720056437,0.975830078125,-0.09002685546875,0.042887097617056856,-0.19426142970056437
15,0.977294921875,-0.09405517578125,0.091796875,0.1661376953125,0.3148193359375,0.24652099609375,-0.02581787109375,-0.9161376953125,0.980712890625,0.16778564453125,0.0042724609375,-0.09979248046875,0.9688720703125,0.22345542269805602,-0.06937410998902592,-0.08048822409333194,0.9783382351980561,0.05164717352111204,-0.09226800924958194,-0.17760087335388797,0.975830078125,-0.09002685546875,0.043046932156668063,-0.19420243585388797
16,0.977294921875,-0.09405517578125,0.091796875,0.1661376953125,0.3148193359375,0.24652099609375,-0.02581787109375,-0.9161376953125,0.980712890625,0.16778564453125,0.0042724609375,-0.09979248046875,0.9688720703125,0.22350870087792643,-0.06916099726954432,-0.08032838955372074,0.9783915133779264,0.05175372988085284,-0.09210817470997074,-0.17749431699414717,0.975830078125,-0.09002685546875,0.043206766696279264,-0.19409587949414717
17,0.977294921875,-0.09395270204065635,0.09164316438910954,0.1661376953125,0.31492180967809363,0.24636728548285952,-0.02581787109375,-0.9161889321827968,0.980712890625,0.16783688140154682,0.004528645288984114,-0.09979248046875,0.9688720703125,0.22356197905779682,-0.06884541080946906,-0.08027102875470318,0.9783935546875,0.05165533875940635,-0.09194834017035954,-0.177490234375,0.9758813149952968,-0.08987314485785954,0.04341783810618729,-0.19393808626410952
18,0.977294921875,-0.09393310546875,0.09161376953125,0.1661376953125,0.31494140625,0.246337890625,-0.02581787109375,-0.91619873046875,0.980712890625,0.1678466796875,0.00457763671875,-0.09979248046875,0.9688720703125,0.22357177734375,-0.06878662109375,-0.08026123046875,0.9784370345814172,0.05172270197533445,-0.0917450257368311,-0.17740327458716554,0.97589111328125,-0.08984375,0.04345703125,-0.19390869140625
19,0.977294921875,-0.09386165963367475,0.09154232369617475,0.16610197239496238,0.3149771291675376,0.2461949989548495,-0.02581787109375,-0.91619873046875,0.980712890625,0.16781095676996238,0.004720528388900502,-0.09979248046875,0.9689077932300376,0.22360750026128762,-0.06853656067098662,-0.08026123046875,0.9784903127612876,0.051793535417537624,-0.09142474426473662,-0.17733244114496238,0.97589111328125,-0.08984375,0.04356420000261288,-0.19383724557117474
20,0.977294921875,-0.09381103515625,0.09149169921875,0.16607666015625,0.31500244140625,0.24609375,-0.02581787109375,-0.91619873046875,0.980712890625,0.16778564453125,0.00482177734375,-0.09979248046875,0.96893310546875,0.2236328125,-0.068359375,-0.08026123046875,0.978515625,0.05181884765625,-0.09124755859375,-0.17730712890625,0.97589111328125,-0.08984375,0.04364013671875,-0.19378662109375
21,0.9773151308397784,-0.09383124412102843,0.09145128128919314,0.16607666015625,0.31500244140625,0.24605333207044314,-0.02571682626985786,-0.9162189394335284,0.9806926816602216,0.16786648039036373,0.004882404238085284,-0.09981268943352843,0.96893310546875,0.22369343939433528,-0.06821791224655101,-0.08024102150397157,0.9785358339647784,0.051859265585806856,-0.09110609584030101,-0.17728691994147158,0.9759113222460284,-0.08978312310566472,0.04376139050742057,-0.19374620316419314
22,0.97735595703125,-0.09388452230089883,0.09134472492945234,0.16606420816785117,0.31501489339464883,0.2459343237223035,-0.025450435370505852,-0.9162722176133988,0.9806394034803512,0.16809204509824416,0.005042238777696488,-0.09984106363660117,0.9689206534803512,0.22382836995714883,-0.06790722492945234,-0.08018774332410117,0.97857666015625,0.05195336995714883,-0.09079540852320234,-0.17723364176160117,0.9759521484375,-0.08964819254285117,0.044031251633047656,-0.19363964680445234
23,0.97735595703125,-0.09393310546875,0.09124755859375,0.166015625,0.3150634765625,0.24578857421875,-0.02520751953125,-0.91632080078125,0.9805908203125,0.1683349609375,0.00518798828125,-0.09979248046875,0.9688720703125,0.22389103816105768,-0.06779127854567307,-0.08014385516826923,0.9785813551682693,0.05200664813701923,-0.09067476712740384,-0.17717566856971154,0.9759521484375,-0.08959491436298077,0.04415189302884615,-0.19353309044471154
24,0.97735595703125,-0.09393310546875,0.09124755859375,0.166015625,0.3150634765625,0.24578857421875,-0.02520751953125,-0.91632080078125,0.9805908203125,0.1683349609375,0.00518798828125,-0.09979248046875,0.9688720703125,0.2240508727006689,-0.06757816582619147,-0.08019713334813963,0.9786346333481396,0.05205992631688963,-0.09040837622805184,-0.17706911220997074,0.9759521484375,-0.08954163618311037,0.04441828392819816,-0.19342653408497074
25,0.97735595703125,-0.09398332168426003,0.09104669373170987,0.166015625,0.3151639089935201,0.24553749314119983,-0.025006654669209864,-0.91632080078125,0.9805908203125,0.16853582579954013,0.005639934220840302,-0.09984269668426003,0.9688720703125,0.22411027480926005,-0.06726462067568979,-0.08014997909698997,0.9786376953125,0.05211320449676003,-0.09019220154420987,-0.17706298828125,0.97600236465301,-0.08933770935670987,0.044634458612040136,-0.19337019394073995
26,0.97735595703125,-0.093994140625,0.09100341796875,0.166015625,0.315185546875,0.2454833984375,-0.02496337890625,-0.91632080078125,0.9805908203125,0.1685791015625,0.0057373046875,-0.099853515625,0.9688720703125,0.22412109375,-0.06719970703125,-0.08013916015625,0.9786376953125,0.05220894191576087,-0.08997908882472826,-0.17702052904211957,0.97601318359375,-0.08929443359375,0.044677734375,-0.193359375
27,0.97735595703125,-0.093994140625,0.09093401344324832,0.16605032726275085,0.315185546875,0.2453792916492475,-0.024893974380748328,-0.9163555030440008,0.9805561180497492,0.16861380382525085,0.006014922789506689,-0.09981881336224917,0.9688720703125,0.22415579601275085,-0.06706089798024666,-0.08010445789349917,0.9786376953125,0.05224609375,-0.08983538063074832,-0.17703665538775085,0.97601318359375,-0.08912092227999582,0.04471243663775084,-0.193359375
28,0.97735595703125,-0.093994140625,0.09088134765625,0.16607666015625,0.315185546875,0.24530029296875,-0.02484130859375,-0.9163818359375,0.98052978515625,0.16864013671875,0.0062255859375,-0.09979248046875,0.9688720703125,0.22418212890625,-0.06695556640625,-0.080078125,0.9786646405988713,0.05232692960911371,-0.08972882427100752,-0.17700909770850753,0.97601318359375,-0.0889892578125,0.04473876953125,-0.193359375
29,0.97735595703125,-0.09395576400501672,0.09084297103626672,0.16607666015625,0.3152239234949833,0.24522353972878344,-0.02484130859375,-0.9164010242474916,0.9805489734662416,0.1685825717887751,0.006398280727424751,-0.09981166877874163,0.9688912586224916,0.22418212890625,-0.06691718978626672,-0.08005893669000837,0.97869873046875,0.05241001090875836,-0.08958389129128344,-0.17694091796875,0.97601318359375,-0.08897006950250837,0.04483471108120819,-0.19339775161998327
30,0.97735595703125,-0.0938720703125,0.09073641467652592,0.1660995228234741,0.3153076171875,0.24506758367736203,-0.02482987726013796,-0.916431439760138,0.980579388978888,0.16846846258361203,0.006889215679870403,-0.09988780962583613,0.968921674135138,0.2242049915734741,-0.06678777075930184,-0.08003995251097408,0.97869873046875,0.0523681640625,-0.08939364123902592,-0.1769637806359741,0.976001752260138,-0.08891679132263795,0.04508967064694816,-0.19352717064694816
31,0.97735595703125,-0.0938720703125,0.09063720703125,0.16619873046875,0.3153076171875,0.2451171875,-0.0247802734375,-0.9163818359375,0.98052978515625,0.16851806640625,0.00738525390625,-0.10003662109375,0.9688720703125,0.22430419921875,-0.06658935546875,-0.08013916015625,0.97869873046875,0.0523681640625,-0.08929443359375,-0.17706298828125,0.9759521484375,-0.0888671875,0.0452880859375,-0.1937255859375
32,0.97735595703125,-0.0938720703125,0.09063720703125,0.16619873046875,0.3153076171875,0.2451171875,-0.0247802734375,-0.9163818359375,0.98052978515625,0.16851806640625,0.00738525390625,-0.10003662109375,0.9688720703125,0.22430419921875,-0.06658935546875,-0.08013916015625,0.97869873046875,0.0523681640625,-0.08929443359375,-0.17706298828125,0.9759521484375,-0.0888671875,0.0452880859375,-0.1937255859375
33,0.97735595703125,-0.09401965699466973,0.09039122922763378,0.16634631715091974,0.31545520386966974,0.24506799193927675,-0.024485100073160536,-0.9163818359375,0.9804805895955268,0.1686164575276965,0.007828013952759198,-0.10028259889736622,0.9689212658732232,0.2242058080973035,-0.06619579098296405,-0.08033594239914298,0.97869873046875,0.05246655518394649,-0.08899926022941053,-0.17721057496341974,0.9759029528767768,-0.0888671875,0.0457308459840092,-0.19387317261966974
34,0.97735595703125,-0.09405517578125,0.09033203125,0.1663818359375,0.31549072265625,0.24505615234375,-0.0244140625,-0.9163818359375,0.98046875,0.16864013671875,0.0079345703125,-0.100341796875,0.96893310546875,0.22418212890625,-0.06610107421875,-0.08038330078125,0.9787401690530937,0.05244879579065635,-0.08876246831887542,-0.1771632165813127,0.97589111328125,-0.0888671875,0.04583740234375,-0.19390869140625
35,0.97735595703125,-0.09408885738921405,0.09016362321017976,0.16648288076139214,0.3155580858721781,0.24502247073578595,-0.024279336068143812,-0.916348154329536,0.98046875,0.16864013671875,0.008271386392140468,-0.10047652330685619,0.96893310546875,0.22418212890625,-0.06586530296300168,-0.08048434560514214,0.978759765625,0.05246288082671405,-0.08851567399142976,-0.17722506826139214,0.975857431673286,-0.08876614267610786,0.04603949199153428,-0.19400973623014214
36,0.97735595703125,-0.0941162109375,0.09002685546875,0.16656494140625,0.31561279296875,0.2449951171875,-0.024169921875,-0.91632080078125,0.98046875,0.16864013671875,0.008544921875,-0.1005859375,0.96893310546875,0.22418212890625,-0.065673828125,-0.08056640625,0.9787338409934155,0.052438385111831104,-0.08845668014475334,-0.17733305353783446,0.975830078125,-0.08868408203125,0.04620361328125,-0.194091796875
37,0.97735595703125,-0.0941162109375,0.08997235250313546,0.16661944437186454,0.31566729593436454,0.2449587818770903,-0.024151754219795152,-0.91632080078125,0.9804505823447951,0.1686764720291597,0.008672095461433948,-0.10064044046561454,0.96893310546875,0.2242184642166597,-0.06554665453856605,-0.0806027415604097,0.97869873046875,0.05234999640729515,-0.08850750875313546,-0.1774044993729097,0.975830078125,-0.08859324375522575,0.04622178093645485,-0.19414629984061454
38,0.9773455463524248,-0.0941162109375,0.08980210728469899,0.166789689590301,0.3158167197951505,0.24486263619617474,-0.02410888671875,-0.91632080078125,0.98040771484375,0.16876220703125,0.00906586407817726,-0.10082109636287626,0.96893310546875,0.22429378853992474,-0.06521534999477424,-0.08071970859897576,0.97869873046875,0.05230712890625,-0.08833726353469899,-0.177531877090301,0.9758196674461748,-0.08834767421352424,0.046327112510451504,-0.19432695573787626
39,0.977294921875,-0.0941162109375,0.089599609375,0.1669921875,0.31591796875,0.24481201171875,-0.02410888671875,-0.91632080078125,0.98040771484375,0.16876220703125,0.009521484375,-0.10107421875,0.96893310546875,0.2242431640625,-0.0650634765625,-0.08087158203125,0.97869873046875,0.05230712890625,-0.088134765625,-0.177734375,0.97576904296875,-0.08819580078125,0.046630859375,-0.194580078125
40,0.977294921875,-0.0941162109375,0.089599609375,0.1669921875,0.31591796875,0.24481201171875,-0.02410888671875,-0.91632080078125,0.98040771484375,0.16876220703125,0.009521484375,-0.10107421875,0.96893310546875,0.2242431640625,-0.0650634765625,-0.08087158203125,0.97869873046875,0.05230712890625,-0.088134765625,-0.177734375,0.97576904296875,-0.08819580078125,0.046630859375,-0.194580078125
41,0.977294921875,-0.09416438584343645,0.08940690975125418,0.16723306202968227,0.3160143185618729,0.2447156619068771,-0.024060711812813544,-0.9162726258753136,0.9803595399378136,0.1686658572193771,0.010051408340301002,-0.10131509327968227,0.9689812803746864,0.22405046443875418,-0.06477442712688126,-0.08111245656093227,0.97869873046875,0.05216260418844063,-0.08789389109531773,-0.17787889971780937,0.9756726931568771,-0.08829215059312291,0.046968083716555184,-0.19482095265468227
42,0.977294921875,-0.09417724609375,0.08935546875,0.16729736328125,0.3160400390625,0.24468994140625,-0.0240478515625,-0.916259765625,0.9803466796875,0.16864013671875,0.01019287109375,-0.10137939453125,0.968994140625,0.2239990234375,-0.064697265625,-0.0811767578125,0.97869873046875,0.051962351719272576,-0.08778917191419315,-0.17791748046875,0.97564697265625,-0.08831787109375,0.04705810546875,-0.19488525390625
43,0.9772622609218228,-0.09424256800010451,0.08919216398411371,0.16746066804713627,0.3161053609688545,0.24462461949989547,-0.023884546796613712,-0.916259765625,0.9803466796875,0.16857481481239547,0.010617463485054348,-0.10164068215666806,0.9690268015781772,0.22383571867161373,-0.06443597799958194,-0.08134006257838629,0.97869873046875,0.05194520471885451,-0.08760524992161371,-0.17808078523463627,0.9756143117030728,-0.08835053204692726,0.0472867321409908,-0.19504855867213627
44,0.9772089827419523,-0.09437402833664298,0.08892577308476171,0.1677270589464883,0.3160375894910117,0.244493159163357,-0.023618155897261704,-0.916334477555393,0.9802968717339047,0.16861768231344063,0.011085944032190636,-0.10199219566523829,0.9690302718044523,0.223768559586643,-0.06410936846780936,-0.08160645347773829,0.9786738264919523,0.05195214517140468,-0.08728905106866638,-0.1783471761339883,0.9755610335232023,-0.08827929034280936,0.04763477542328595,-0.195265141617893
45,0.9771728515625,-0.094482421875,0.0887451171875,0.16790771484375,0.31595981559625835,0.24441905962583613,-0.023386058998745816,-0.9164085770929139,0.9802417563754181,0.16864217802832357,0.011401938754180605,-0.10220714556333613,0.9690284346258361,0.22375692412207357,-0.06389625574832776,-0.08180425637541806,0.9786548423129181,0.051759853809573576,-0.08696754481082776,-0.17851068503083195,0.97552490234375,-0.08820335362667224,0.04788585650083612,-0.19540782915708613
46,0.9771634615384616,-0.0945293719951923,0.0886981670673077,0.16795466496394232,0.3162043644831731,0.24448805588942307,-0.023169884314903844,-0.9163301908052884,0.9802762545072116,0.1683349609375,0.011915940504807696,-0.10236065204326923,0.9691256009615384,0.22344031700721154,-0.06365497295673077,-0.08190448467548077,0.97869873046875,0.05149958683894231,-0.0867450420673077,-0.17851374699519232,0.9755155123197116,-0.0883319561298077,0.04802997295673077,-0.1955237755408654
47,0.97711181640625,-0.09478759765625,0.08843994140625,0.168212890625,0.31610107421875,0.244384765625,-0.022705078125,-0.9163818359375,0.980224609375,0.1683349609375,0.0123291015625,-0.10272216796875,0.96917724609375,0.223388671875,-0.06329345703125,-0.08221435546875,0.97869873046875,0.0517578125,-0.08648681640625,-0.17877197265625,0.9754638671875,-0.08807862961172659,0.048341476797658864,-0.1956787109375
48,0.97711181640625,-0.09478759765625,0.08843994140625,0.168212890625,0.31610107421875,0.244384765625,-0.022705078125,-0.9163818359375,0.980224609375,0.1683349609375,0.0123291015625,-0.10272216796875,0.96917724609375,0.223388671875,-0.06329345703125,-0.08221435546875,0.97869873046875,0.0517578125,-0.08648681640625,-0.17877197265625,0.9754638671875,-0.08823846415133779,0.048394754977529264,-0.1956787109375
49,0.97711181640625,-0.09497621466084866,0.08820417015050168,0.16840150762959866,0.315959611465301,0.24429045712270067,-0.02237499836695234,-0.9164761444397993,0.980224609375,0.16828780668635032,0.01275348982284699,-0.10295793922449832,0.9691300918426003,0.22343582612614968,-0.063010531524352,-0.08235581822219899,0.97869873046875,0.051804966751149664,-0.08615673664820234,-0.17886628115854933,0.9754167129363503,-0.08820968168635034,0.048730958664297656,-0.195820173690949
50,0.97711181640625,-0.09503173828125,0.088134765625,0.16845703125,0.31591796875,0.2442626953125,-0.02227783203125,-0.91650390625,0.980224609375,0.16827392578125,0.01287841796875,-0.10302734375,0.9691162109375,0.22344970703125,-0.06292724609375,-0.0823974609375,0.97869873046875,0.051621861282399664,-0.0860595703125,-0.17885464569397994,0.97540283203125,-0.08819580078125,0.048828125,-0.19586181640625
51,0.97711181640625,-0.09506337857964046,0.08797656413304766,0.16858359244356189,0.31585468815321904,0.24410449382054766,-0.022151270837688124,-0.916567186846781,0.980224609375,0.1681790048860786,0.013131540355873748,-0.10318554524195234,0.9691478512358904,0.2233547861360786,-0.06276904460179766,-0.08252402213106187,0.97869873046875,0.05154531217339047,-0.08590136882054766,-0.17895956900606189,0.9753711917328596,-0.08841728286998328,0.04908124738712375,-0.19592509700303093
52,0.97711181640625,-0.09511665675951086,0.08768628991168478,0.16877282184103262,0.3157242484714674,0.24383810292119565,-0.02193815811820652,-0.9166737432065217,0.9802007260529891,0.16811470363451086,0.013509999150815218,-0.10340416949728261,0.9692250127377717,0.22307553498641305,-0.06243100373641304,-0.08278490149456522,0.97869873046875,0.05150305706521739,-0.0855872112771739,-0.1791726817255435,0.9753179135529891,-0.08859916355298914,0.049459706182065216,-0.19600777004076086
53,0.97711181640625,-0.09515380859375,0.08746337890625,0.16888427734375,0.31559666662311875,0.24363621740436872,-0.021692792707462376,-0.9167641732206313,0.9801797005643813,0.1679905920124373,0.013781289193143812,-0.10358013038252509,0.96929931640625,0.2227783203125,-0.0621337890625,-0.0830078125,0.97869873046875,0.0513916015625,-0.0853271484375,-0.1793212890625,0.9752485090274875,-0.08875552786632525,0.049779375261287624,-0.1960933009118938
54,0.9771034470369984,-0.09521239417851171,0.08736294647522994,0.16892612419000835,0.31550991096624165,0.24354109237823995,-0.021214105612458196,-0.9168425595082567,0.980224609375,0.1674829183214883,0.014075033640781772,-0.10387693679452341,0.9693076857755016,0.22272810409698995,-0.06199987915447325,-0.08310824493102006,0.97869873046875,0.05135812408549331,-0.08520160789872491,-0.17940498275501673,0.9751252139292433,-0.08941997413252509,0.0501994767715301,-0.19631172103626673
55,0.97705078125,-0.0955810546875,0.08673095703125,0.169189453125,0.31524658203125,0.24322509765625,-0.0198974609375,-0.91705322265625,0.980224609375,0.1671142578125,0.01507568359375,-0.1046142578125,0.9693603515625,0.222412109375,-0.0611572265625,-0.083740234375,0.97869873046875,0.0511474609375,-0.08441162109375,-0.179931640625,0.97491455078125,-0.0902099609375,0.0511474609375,-0.19683837890625
56,0.97705078125,-0.0955810546875,0.08673095703125,0.169189453125,0.31524658203125,0.24322509765625,-0.0198974609375,-0.91705322265625,0.980224609375,0.1671142578125,0.01507568359375,-0.1046142578125,0.9693603515625,0.222412109375,-0.0611572265625,-0.083740234375,0.97869873046875,0.0511474609375,-0.08441162109375,-0.179931640625,0.97491455078125,-0.0902099609375,0.0511474609375,-0.19683837890625
57,0.9769585140572743,-0.09641145942203178,0.08585441870035534,0.16965078908862877,0.31487751326034696,0.242856028885347,-0.01819051787207358,-0.9173300242344272,0.9800862085859113,0.16739105939067725,0.016275157099184784,-0.10544466254703178,0.9693142179661371,0.22250437656772576,-0.06028068823160535,-0.08457063910953178,0.9786525968723871,0.05110132734113712,-0.0832582811846781,-0.18066977816680602,0.9747300163957985,-0.09025609453386288,0.052300800846571904,-0.19734584846624165
58,0.9769287109375,-0.0966796875,0.0855712890625,0.1697998046875,0.31475830078125,0.24273681640625,-0.01763916015625,-0.91741943359375,0.98004150390625,0.16748046875,0.01666259765625,-0.105712890625,0.96929931640625,0.2225341796875,-0.05999755859375,-0.0848388671875,0.9786376953125,0.050549153101484105,-0.08277061232755016,-0.18102333298494983,0.97467041015625,-0.09027099609375,0.05267333984375,-0.197509765625
59,0.9768674716502926,-0.09738393930288462,0.08502013547763378,0.1701060011235368,0.3146358222068353,0.24267557711904264,-0.01632251548129179,-0.9174806728809574,0.9799190253318353,0.16775604554243312,0.01751994767715302,-0.10620280492265886,0.9692380771190426,0.22280975647993312,-0.05938516572167642,-0.08529816184155518,0.9786070756688964,0.05090556575303094,-0.0821208634902801,-0.18136688538618312,0.9746091708690426,-0.09020975680654264,0.05337759164663462,-0.19772410313022576
60,0.9767380526233278,-0.09858647477267977,0.08403826557274247,0.1706387829222408,0.31423980814956104,0.24247757009040552,-0.014397356422449827,-0.9176786799095945,0.9796601872779055,0.16857848916962792,0.018760247374059368,-0.10687235446279264,0.9691543834265259,0.22326639743154264,-0.05829673945704431,-0.08605160920516304,0.9785537974890259,0.05173474570181856,-0.0810628527382943,-0.1818921143394649,0.97454833984375,-0.08962308443509615,0.05455726444920569,-0.19800559972042225
61,0.97662353515625,-0.09942626953125,0.08331298828125,0.1710205078125,0.31390258380800584,0.2423240636104724,-0.013245853691994146,-0.9178472920803721,0.979461363725439,0.16928314923442725,0.019545130905100336,-0.10722305144753344,0.9691162109375,0.22357177734375,-0.0574951171875,-0.0865478515625,0.978515625,0.052001953125,-0.08026123046875,-0.18231201171875,0.974518128462061,-0.08901701962270067,0.05537399240959448,-0.19815032856918896
62,0.9766161864417852,-0.09952180281929347,0.08319540884981187,0.17108664624268394,0.3142406246733905,0.2425096186507107,-0.012738792393917224,-0.9176856203621446,0.9795311765128554,0.16871362386339883,0.020112819097512544,-0.10742697827393395,0.9691015135085702,0.2236158696305393,-0.05737018904159699,-0.08662133870714883,0.978515625,0.05200930183946488,-0.08012160489391722,-0.18237080143446907,0.9744042233878554,-0.08986579614339466,0.055559547449832776,-0.19829362850125418
63,0.9765629082619147,-0.10021441915760869,0.08234295797188546,0.17156614986151755,0.3140275119539089,0.2421899495714883,-0.0117265069763796,-0.9178454549017558,0.9793713419732442,0.16924640566210283,0.021231660874790968,-0.10790648189276755,0.9689949571488294,0.2239355387097617,-0.05646445998380017,-0.08715412050585285,0.978515625,0.05206258001933529,-0.0791093194763796,-0.18279702687343227,0.9742443888482442,-0.09002563068300586,0.0565718328673704,-0.198666575760347
64,0.9765625,-0.1002197265625,0.08233642578125,0.17156982421875,0.31402587890625,0.2421875,-0.01171875,-0.9178466796875,0.9793701171875,0.16925048828125,0.021240234375,-0.10791015625,0.968994140625,0.22393798828125,-0.05645751953125,-0.087158203125,0.978515625,0.05206298828125,-0.0791015625,-0.18280029296875,0.9742431640625,-0.09002685546875,0.05657958984375,-0.19866943359375
65,0.976517387058424,-0.10044529127038043,0.08184018342391304,0.17179538892663043,0.31393565302309784,0.2419168223505435,-0.011177394701086954,-0.9179820185122283,0.979325004245924,0.16916026239809784,0.02173647673233696,-0.1082710597826087,0.968994140625,0.22393798828125,-0.056051503057065216,-0.08742888077445653,0.978515625,0.05188253651494565,-0.07860532014266304,-0.1830709706182065,0.9740627122961957,-0.09047798488451086,0.057256283967391304,-0.19912056300951086
66,0.97650146484375,-0.10052490234375,0.0816650390625,0.171875,0.31390380859375,0.2418212890625,-0.010986328125,-0.91802978515625,0.97930908203125,0.16912841796875,0.02191162109375,-0.1083984375,0.968994140625,0.22393798828125,-0.055908203125,-0.0875244140625,0.978515625,0.05144528800428512,-0.0784675317464465,-0.18327857180183946,0.9739990234375,-0.09063720703125,0.0574951171875,-0.19927978515625
67,0.9764718658549331,-0.10073209526546822,0.081398648163148,0.17205259393290134,0.31375581364966554,0.24167329411841554,-0.010601541270380434,-0.9181185821227007,0.9792794830424331,0.16915801695756688,0.022089215026651336,-0.10863522941053512,0.968994140625,0.22396758727006688,-0.055701010203281776,-0.087790804961852,0.978515625,0.051415689015468224,-0.078224820038148,-0.18349760431908446,0.9739398254598662,-0.09069640500888378,0.05785030505330267,-0.1995165770667851
68,0.9764185876750627,-0.10110504252456104,0.08098467058162626,0.17235042099968645,0.31348942275031355,0.2414724292563754,-0.010018134994251674,-0.9182784166623119,0.9792043628501255,0.16936418922449833,0.022387042093436456,-0.10899592881218645,0.9689722986125627,0.22406454947481189,-0.055371746969063544,-0.08824846656824832,0.9784719409751255,0.05170126822481187,-0.07781084245662626,-0.18382952125574833,0.9738551111125627,-0.09058454124425168,0.05838043314956103,-0.19983359244356189
69,0.97637939453125,-0.10137939453125,0.08074951171875,0.17254638671875,0.31332162710336536,0.24140812800480768,-0.009690504807692308,-0.9183819110576923,0.9791259765625,0.16963547926682693,0.0225830078125,-0.1092059795673077,0.96893310546875,0.22418212890625,-0.05517578125,-0.08856201171875,0.9783935546875,0.05181884765625,-0.07757568359375,-0.18414306640625,0.97381591796875,-0.09024282602163461,0.05865478515625,-0.19999342698317307
70,0.97637939453125,-0.10137939453125,0.08073052753971571,0.1725590428381062,0.3134028712243938,0.2414360939459657,-0.009637226627821906,-0.918341288997178,0.9791259765625,0.16949462890625,0.022595663931856188,-0.10926558580685619,0.96893310546875,0.2241758008465719,-0.055150469011287624,-0.08858099589778429,0.9783935546875,0.051806191536893816,-0.07755037135503763,-0.1841620505852843,0.973809589909072,-0.09014892578125,0.058680097394962376,-0.2001406054034281
71,0.97637939453125,-0.10137939453125,0.08057069300010451,0.172665599197847,0.31329631486465304,0.24127625940635453,-0.009583948447951504,-0.9183945671770485,0.9791259765625,0.16949462890625,0.02270222029159699,-0.10937214216659699,0.96893310546875,0.22412252266670152,-0.05493735629180602,-0.08874083043739549,0.9783935546875,0.05169963517715301,-0.07733725863555602,-0.18432188512489547,0.9737563117292015,-0.09014892578125,0.05889321011444398,-0.20019388358329848
72,0.97637939453125,-0.10137939453125,0.08056640625,0.17266845703125,0.3133971555575878,0.2412201233930811,-0.00958251953125,-0.91839599609375,0.9791259765625,0.16949462890625,0.022705078125,-0.109375,0.96893310546875,0.22412109375,-0.054931640625,-0.0887451171875,0.9783935546875,0.05169677734375,-0.07733154296875,-0.184326171875,0.9738067320756689,-0.08994152872857442,0.058847076518081104,-0.2002471617631689
73,0.97637939453125,-0.10120302538409282,0.08074277539715718,0.1727125493180393,0.3133273427701714,0.2411668452132107,-0.01002344239914298,-0.91839599609375,0.9791259765625,0.1695387211930393,0.022396432117474916,-0.1093309077132107,0.9688890131819607,0.2242092783235786,-0.055196194345735784,-0.0887451171875,0.9783935546875,0.051740869630539296,-0.0775520044026965,-0.184326171875,0.97381591796875,-0.0898606928694607,0.05861742919105351,-0.2003004399430393
74,0.97637939453125,-0.10113525390625,0.080810546875,0.1727294921875,0.31329345703125,0.24114990234375,-0.01019287109375,-0.91839599609375,0.9791259765625,0.1695556640625,0.02227783203125,-0.10931396484375,0.9688720703125,0.2242431640625,-0.0552978515625,-0.0887451171875,0.9783935546875,0.05197582436245819,-0.07763671875,-0.1842898365645903,0.97381591796875,-0.08984375,0.05853271484375,-0.2003173828125
75,0.97637939453125,-0.10096378390206939,0.0810391735472408,0.1727009138534699,0.31329345703125,0.2411784806777801,-0.010535811102111207,-0.91839599609375,0.9791545548965301,0.1695842423965301,0.022020627024979093,-0.1092282298416597,0.9688720703125,0.2242431640625,-0.05552647823474081,-0.0886308038513796,0.9783649763534699,0.05195255343331939,-0.0778653454222408,-0.18426513671875,0.9738444963027801,-0.0897294366638796,0.05824693150344899,-0.2002888044784699
76,0.97637939453125,-0.10064411482284699,0.08146539898620402,0.172626814315949,0.313335099746551,0.2413150442882525,-0.011112685187604518,-0.918354353378449,0.9792078330764005,0.1694709497151965,0.021561944763795984,-0.10908921665969899,0.9688720703125,0.2242223427048495,-0.05593188231605351,-0.0884385124895485,0.97833251953125,0.051736991142349496,-0.07829157086120402,-0.184223494003449,0.973876953125,-0.08970371616325251,0.057755792420045984,-0.20025634765625
77,0.97637939453125,-0.10040283203125,0.081787109375,0.17254638671875,0.3133893985812082,0.24146385575616638,-0.011474609375,-0.9183000545437918,0.979248046875,0.16924171065008362,0.021240234375,-0.1090087890625,0.9688720703125,0.22418212890625,-0.05621337890625,-0.08831787109375,0.97833251953125,0.05169677734375,-0.07861328125,-0.18414306640625,0.973876953125,-0.08983946324989549,0.057447146412520904,-0.20025634765625
78,0.97637939453125,-0.10038690981657608,0.08184018342391304,0.17253577190896738,0.3132987644361413,0.24130912449048914,-0.011511761209239132,-0.918380073879076,0.979248046875,0.16943359375,0.02115531589673913,-0.10899286684782608,0.9688667629076086,0.22419274371603262,-0.05626114555027174,-0.08829664147418478,0.9783272121263586,0.051728621773097824,-0.07867166270380435,-0.18413245159646738,0.9738822605298914,-0.08961553158967392,0.05743673573369565,-0.20025634765625
79,0.97637939453125,-0.10022707527696488,0.08237296522261706,0.17242921554922658,0.3133520426160117,0.24168207174958195,-0.011884708468331938,-0.9182202393394648,0.979248046875,0.16943359375,0.020302865018812715,-0.10883303230821488,0.9688134847277383,0.22429930007577342,-0.05674064916910535,-0.08808352875470318,0.9782739339464883,0.05204829085232023,-0.07925772268237875,-0.18402589523672658,0.9739355387097617,-0.08977536612928512,0.05685067575512124,-0.20025634765625
80,0.97637939453125,-0.1002197265625,0.0823974609375,0.17242431640625,0.3132020063623537,0.24139424709970736,-0.01205434129389632,-0.9183653764501464,0.979248046875,0.16943359375,0.020263671875,-0.10882568359375,0.96881103515625,0.22430419921875,-0.0567626953125,-0.08807373046875,0.978271484375,0.05206298828125,-0.07928466796875,-0.18402099609375,0.9739888168896321,-0.08932525736831104,0.057027044902278425,-0.20010386183110368
81,0.97637939453125,-0.10013358329849498,0.08295739215353261,0.17225202987823995,0.313085243454745,0.2412899361804975,-0.01273103541753763,-0.9184390677257525,0.9792911185070025,0.16960588027801005,0.019143809442934777,-0.10839496727372491,0.9687679635242475,0.22456262901076504,-0.057451841424540136,-0.08772915741272994,0.9782284127429975,0.052622919497282615,-0.07988767081678512,-0.18384870956573995,0.974085166701505,-0.08893189701348243,0.05676636966973244,-0.19981481239548496
82,0.97637939453125,-0.09995639762750837,0.08379126711433947,0.17200360250313546,0.31319057502874165,0.24173106317934784,-0.013388949493102008,-0.9182804579718854,0.9793797113424958,0.16946584644126253,0.018076408666910536,-0.10803875875313546,0.9686793706887542,0.22495292740123327,-0.058516180236204016,-0.08709104404002926,0.97821044921875,0.05338616514684365,-0.08081013861308528,-0.1834590235681438,0.9741564084056229,-0.08894741096624163,0.056004961198787624,-0.1996717165943771
83,0.97637939453125,-0.099853515625,0.084228515625,0.171875,0.3132107839935201,0.24187252593279682,-0.013864778754703176,-0.9182345285064799,0.97943115234375,0.16947686951295987,0.01733602568457358,-0.10774481017454013,0.9686279296875,0.22515869140625,-0.05908203125,-0.08673095703125,0.97821044921875,0.05377197265625,-0.081298828125,-0.1832275390625,0.9742372442647366,-0.0887747161763169,0.055624665225229936,-0.19953576537677675
84,0.97637939453125,-0.09983371492213629,0.08442652265363712,0.17181559789140885,0.31314995296822745,0.2417965892166597,-0.014217925310932274,-0.9182755588289089,0.9794509530466137,0.16963813296927258,0.016769766408862876,-0.10748454320390886,0.9686081289846363,0.22523789421770485,-0.059359241090091976,-0.08655275070547659,0.9781906485158863,0.05398978038775083,-0.08149683515363712,-0.18312853554818143,0.97430419921875,-0.08845974210911371,0.05550728992474917,-0.19938205476588627
85,0.97637939453125,-0.09979248046875,0.0848388671875,0.17169189453125,0.313232421875,0.24207828993781355,-0.014489419484218226,-0.9181638991952341,0.9794921875,0.16957975151546822,0.016261072063127092,-0.10730062121132944,0.96856689453125,0.22540283203125,-0.0599365234375,-0.086181640625,0.9781494140625,0.054443359375,-0.0819091796875,-0.18292236328125,0.9743282866717182,-0.08833236439172241,0.0550537109375,-0.1993408203125
86,0.9763751077811454,-0.09980534071906355,0.08486458768812709,0.17169189453125,0.3132281351248955,0.2419080447193771,-0.01458740234375,-0.918204317124791,0.9794921875,0.16968202112510453,0.015830559874059364,-0.10705137731239549,0.9685626077811454,0.22541140553145902,-0.05997081743833612,-0.08616878037468645,0.9781451273123954,0.054490513626149664,-0.0819391869382316,-0.18291807653114547,0.97442626953125,-0.08763362412468645,0.05502799043687291,-0.19934510706260453
87,0.9763218296012751,-0.09996517525867475,0.0851842567673495,0.17169189453125,0.31317485694502506,0.2422277137985995,-0.01458740234375,-0.9180977607650501,0.9794921875,0.1697352993049749,0.01535105625522575,-0.10699809913252509,0.9685093296012751,0.22551796189119983,-0.060397042877299335,-0.08600894583507525,0.9780918491325251,0.05507657360472408,-0.08231213419732442,-0.1828647983512751,0.97442626953125,-0.08747378958507525,0.054708321357650504,-0.1993983852424749
88,0.976318359375,-0.0999755859375,0.085205078125,0.17169189453125,0.31327100262594065,0.24224853515625,-0.01458740234375,-0.9180410123589047,0.9794921875,0.16973876953125,0.01531982421875,-0.10699462890625,0.968505859375,0.22552490234375,-0.0604248046875,-0.08599853515625,0.97808837890625,0.05511474609375,-0.08233642578125,-0.182861328125,0.9744760774848453,-0.0869154914167015,0.05463769204640468,-0.19945166342234533
89,0.9762763083977842,-0.10010173886914715,0.08533123105664715,0.1717339455084657,0.31329345703125,0.2424587900423286,-0.014461249412102844,-0.91802978515625,0.9794921875,0.1696967185540343,0.015151620309887124,-0.10703667988346571,0.9685479103522158,0.22539874941210283,-0.06055095761914716,-0.08591443320181856,0.9780463279290342,0.05540910293426003,-0.08237847675846571,-0.1829033791022157,0.9744873046875,-0.08632943143812709,0.05450031191210284,-0.1996731455110786
90,0.9762230302179139,-0.10033016141043061,0.08549106559625837,0.17182151768917225,0.31319057502874165,0.2427251809416806,-0.014301414872491636,-0.9179954911554139,0.9794578934991639,0.1698492043791806,0.014972801591241636,-0.10712425206417224,0.9685326005304139,0.22541038487667225,-0.06077938016043061,-0.08587646484375,0.9779930497491639,0.05585063819502509,-0.08250034294000837,-0.18295665728208613,0.9744873046875,-0.08594913546456939,0.05434047737249164,-0.19983665440792225
91,0.9761962890625,-0.1004638671875,0.0855712890625,0.171875,0.313163425611413,0.24277927564538043,-0.014274265455163044,-0.91796875,0.97943115234375,0.1700094471807065,0.014812967051630434,-0.10712466032608696,0.968505859375,0.2254638671875,-0.0609130859375,-0.08587646484375,0.97796630859375,0.05609130859375,-0.08258056640625,-0.1829833984375,0.9744873046875,-0.0858154296875,0.05426025390625,-0.19989013671875
92,0.9761775090144231,-0.10050142728365384,0.0856464092548077,0.17189378004807693,0.31319486177884615,0.2427696814903846,-0.01434326171875,-0.91796875,0.97943115234375,0.17008150540865385,0.014634352463942306,-0.1070556640625,0.9684870793269231,0.22552020733173078,-0.06102576622596154,-0.0858013446514423,0.97796630859375,0.056222768930288464,-0.08267446664663462,-0.1829833984375,0.9745060847355769,-0.0855712890625,0.05414757361778846,-0.19992769681490385
93,0.97613525390625,-0.1005859375,0.0858154296875,0.17193603515625,0.3131544438492893,0.2429919801029473,-0.014387354005539298,-0.9179467038566054,0.97943115234375,0.1702101079117893,0.01444328588785535,-0.1070115717757107,0.96844482421875,0.22564697265625,-0.061279296875,-0.08563232421875,0.97796630859375,0.0565185546875,-0.0828857421875,-0.1829833984375,0.9745703859871446,-0.08483458043739549,0.05381688146686873,-0.2000011839595527
94,0.97613525390625,-0.10057287311872909,0.08583829235472408,0.17193930125156773,0.3133512260921823,0.2430550565687709,-0.014610265010974084,-0.9178434135921822,0.97943115234375,0.17041668844063546,0.014313866860890465,-0.10680172515154682,0.9684480903140678,0.22564044046561454,-0.06130215954222408,-0.08561599374216138,0.9779630424984322,0.05653815125940636,-0.08291840314067726,-0.18297686624686454,0.97467041015625,-0.08399743938127091,0.05344393420777592,-0.19996097016095318
95,0.97613525390625,-0.10035976039924749,0.0862112396138169,0.17199257943143811,0.31329794791231186,0.2432681692882525,-0.014983212270066895,-0.9177901354123119,0.97943115234375,0.17052324480037626,0.013834363242056849,-0.10664189061193562,0.9685013684939381,0.22553388410587374,-0.061675106801316895,-0.08534960284280936,0.9779097643185619,0.05685782033862877,-0.08345118493938128,-0.18287030988712374,0.97467041015625,-0.08421055210075251,0.053070986948683105,-0.20012080470056437
96,0.97613525390625,-0.100341796875,0.08624267578125,0.1719970703125,0.3134398189276756,0.24338370741011706,-0.015209797632734116,-0.9177368572324415,0.97943115234375,0.1705322265625,0.0137939453125,-0.10662841796875,0.968505859375,0.22557368964255853,-0.061804117566367056,-0.08518078654107442,0.9779052734375,0.056884765625,-0.08349609375,-0.182861328125,0.9747191974550585,-0.08349670614287207,0.0526980396895903,-0.20023185194136706
97,0.97613525390625,-0.10017767558528427,0.08636576674853678,0.1721201612797868,0.3133945018551421,0.243408203125,-0.015463940674644652,-0.917724609375,0.979472182666179,0.1703681052727843,0.01367085434521321,-0.10666944829117893,0.968505859375,0.2254218162102843,-0.06195170424853679,-0.08526713393603678,0.977864243115071,0.05692579594742893,-0.08374227568457358,-0.18290235844742894,0.974690414990071,-0.08347710957096573,0.05253024404264214,-0.2004204689459657
98,0.9761019805602007,-0.10003110955790134,0.08645905459604933,0.1723132691654473,0.3133544921875,0.24347474981709866,-0.015697058227947324,-0.917724609375,0.9794589141539507,0.17025481259145067,0.013577566497700668,-0.10682254650919733,0.968505859375,0.22527525018290134,-0.06211153878814799,-0.08536042178354933,0.9778109649352007,0.05694580078125,-0.08399539807169733,-0.1830554566654473,0.9746371368102007,-0.08322439544575669,0.05235714099080267,-0.2008332217417433
99,0.97607421875,-0.0999755859375,0.08648681640625,0.17242431640625,0.31343104129650917,0.24355578980716974,-0.015833621838419732,-0.9176735766356605,0.9794566687134197,0.17017601804191054,0.0135498046875,-0.10688256101066053,0.968505859375,0.2252197265625,-0.06219482421875,-0.08538818359375,0.977783203125,0.05694580078125,-0.0841064453125,-0.18316650390625,0.974609375,-0.08294677734375,0.05224609375,-0.20111083984375
100,0.9760564593567098,-0.09994006715091973,0.08650457579954013,0.17249535397941054,0.3134665600830895,0.24359130859375,-0.015922418804870404,-0.9176380578490803,0.9794921875,0.17008722107545987,0.013532045294209866,-0.10688256101066054,0.968505859375,0.22520196716920987,-0.06223034300533027,-0.08540594298704013,0.9777654437317098,0.05703459774770067,-0.0841597234923704,-0.18318426329954013,0.9745916156067098,-0.08285798037729933,0.052228334356709864,-0.20123515559678093
101,0.97601318359375,-0.099853515625,0.0865478515625,0.17266845703125,0.3133234642819816,0.24361131342757106,-0.016092255761392144,-0.917704604541179,0.9794921875,0.17005394772941054,0.013498771948160536,-0.10703565922867893,0.9685158617919105,0.22514868898933946,-0.06229688969742893,-0.08542921391617893,0.97772216796875,0.0572509765625,-0.08428955078125,-0.1832275390625,0.97454833984375,-0.08260159189485786,0.05218505859375,-0.20154808835441054
102,0.97601318359375,-0.09984228842234531,0.0865478515625,0.17267519335284282,0.31347207161893814,0.24370888802518811,-0.016305368480873748,-0.917604784503031,0.9794921875,0.17008926238503344,0.01355654100909281,-0.10694257551212374,0.968569139971781,0.22508642904734533,-0.06219482421875,-0.08533388475909282,0.97772216796875,0.05724424024090719,-0.08428955078125,-0.18323202994356189,0.974546094403219,-0.08240644269962374,0.05218505859375,-0.20160810285587374
103,0.97601318359375,-0.09957589752299331,0.0865478515625,0.172835027892454,0.3133655152591973,0.2436023316654473,-0.016518481200355352,-0.9176580626829013,0.9794921875,0.16971631512594063,0.013716375548704014,-0.10715568823160536,0.9686224181516513,0.2248200381479933,-0.06219482421875,-0.08549371929870402,0.97772216796875,0.057084405701295984,-0.08428955078125,-0.1833385863033027,0.9744928162233487,-0.08261955541910536,0.05218505859375,-0.20182121557535534
104,0.97601318359375,-0.09954833984375,0.0865478515625,0.1728515625,0.31349779211956524,0.24373460852581522,-0.01654052734375,-0.9175680409307065,0.9794921875,0.169677734375,0.01373291015625,-0.107177734375,0.9687234629755435,0.22450588060461957,-0.061955990998641304,-0.08546248726222826,0.97772216796875,0.05706787109375,-0.08428955078125,-0.183349609375,0.9744395380434783,-0.08254606827445653,0.05228059188179348,-0.20198656165081522
105,0.97601318359375,-0.09938830117318144,0.08650784189485786,0.17301160117056857,0.3134175686533236,0.24365438505957357,-0.01666055634667642,-0.9176215232415342,0.9795321971676422,0.16931764736622074,0.013932958494460702,-0.10733777304556856,0.96875,0.22426623086068143,-0.061849638769857856,-0.0856492670882107,0.97772216796875,0.05690783242318144,-0.08412951211068144,-0.18346963837792643,0.9743862598636078,-0.08263956025292642,0.052347138573892144,-0.20218640585806857
106,0.97601318359375,-0.09930419921875,0.08642231102372491,0.17319246119878762,0.3133544921875,0.2435268032112249,-0.016626874738712376,-0.9176958269100125,0.97955322265625,0.16912841796875,0.014102591320025084,-0.10751863307378763,0.9687822526912625,0.22405311814119983,-0.06166734982493729,-0.08581889991377509,0.97772216796875,0.056726972394962376,-0.08385189400867475,-0.18362947291753762,0.9743329816837375,-0.08273488941001254,0.05249717482755017,-0.20246402396007526
107,0.97601318359375,-0.09930419921875,0.08636474609375,0.17327880859375,0.3134034836172659,0.24346923828125,-0.016565023058632944,-0.9177001136601171,0.97955322265625,0.1690794265389841,0.014233643394648828,-0.10760498046875,0.96881103515625,0.22393798828125,-0.0615234375,-0.08587646484375,0.97772216796875,0.056640625,-0.08367919921875,-0.1837158203125,0.97430419921875,-0.082763671875,0.0526123046875,-0.20263671875
108,0.9759964448552466,-0.09925398300323997,0.08634800735524666,0.17334576354776338,0.31342634628448995,0.24341902206573995,-0.016635039977006688,-0.9176970516957567,0.97955322265625,0.1689728701792433,0.014360000457253344,-0.10768867416126672,0.9688277738947534,0.22388777206573995,-0.06140626633047659,-0.08594341979776338,0.97772216796875,0.056573670045986624,-0.08361224426473662,-0.1837492977895067,0.9742707217417433,-0.08279714935200669,0.05266252090301003,-0.20277062865802675
109,0.9759521484375,-0.09912109375,0.0863037109375,0.17352294921875,0.3133114205554975,0.2433040963367475,-0.016732614574623748,-0.9177676810070025,0.9795622044183737,0.16885733205737877,0.014440223923494984,-0.10790117448787626,0.9688810520746237,0.2237369192882525,-0.061078227882002505,-0.08612060546875,0.97772216796875,0.056396484375,-0.08343505859375,-0.183837890625,0.9741731471441263,-0.08287676042537626,0.052813373680497495,-0.20315194528637123
110,0.9759533732232442,-0.09911496982127926,0.0863037109375,0.17352662357598245,0.3134130777722617,0.2434057535535117,-0.016790791897470736,-0.9176660237902383,0.9796154825982442,0.16868892401755853,0.014654561428720734,-0.10785279545098245,0.96893310546875,0.22362668857127926,-0.060972896308005856,-0.08612427982598245,0.97772216796875,0.05638913566053512,-0.08343260902226171,-0.18384156498223245,0.9741198689642558,-0.08283083095997074,0.05291748046875,-0.20331300461172658
111,0.9760066514031146,-0.09884857892192726,0.0863037109375,0.17368645811559363,0.3133065214125209,0.2432991971937709,-0.017057182796822744,-0.9177725801499791,0.9796687607781146,0.16815614221885453,0.014920952328072742,-0.10801262999059365,0.96893310546875,0.22336029767192725,-0.06091961812813545,-0.08628411436559365,0.97772216796875,0.05606946658131271,-0.0833260526625209,-0.18400139952184363,0.9740665907843854,-0.08309722185932274,0.05291748046875,-0.2035261173312082
112,0.97601318359375,-0.09881591796875,0.0863037109375,0.1737060546875,0.3134804409881898,0.24333287880173496,-0.017136589739234948,-0.9176921525527801,0.97967529296875,0.1680908203125,0.01495361328125,-0.1080322265625,0.9689798514579849,0.22318739875104515,-0.06077284796979515,-0.08625696494826506,0.97772216796875,0.0560302734375,-0.08331298828125,-0.18402099609375,0.9740133126045151,-0.08298964484479515,0.05291748046875,-0.20369248406145485
113,0.9759741945808946,-0.09869895093018395,0.0862257329117893,0.1737840327132107,0.3134986086433946,0.24323020093018394,-0.017189867919105352,-0.9177025632316054,0.9797142819816054,0.16789587524822325,0.015148558345526754,-0.10814919360106605,0.9690331296378554,0.2230665532242893,-0.060652002443039296,-0.08635964281981605,0.9777611569816054,0.055796339360367896,-0.08315703222982859,-0.18405998510660534,0.9739990234375,-0.08306374438231605,0.052995458494460704,-0.2038133295882107
114,0.9759521484375,-0.09853911639057274,0.086181640625,0.17389058907295152,0.31350779453647576,0.24313283046352424,-0.017399306281354516,-0.917724609375,0.979736328125,0.16772318045829848,0.0152587890625,-0.1082777961042015,0.96905517578125,0.22295999686454848,-0.06042051793739549,-0.08645701328647576,0.977783203125,0.055570366390572744,-0.0830063835832985,-0.18408203125,0.9739677914010243,-0.08316111484897576,0.053102014854201504,-0.203982350020903
115,0.9759521484375,-0.09844970703125,0.086181640625,0.1739501953125,0.31363149789663464,0.24317345252403846,-0.017625075120192308,-0.9176541841947116,0.979736328125,0.16761662409855768,0.015399639423076922,-0.10831392728365384,0.96905517578125,0.222900390625,-0.06024169921875,-0.08648681640625,0.977783203125,0.05548095703125,-0.08294677734375,-0.18408203125,0.97393798828125,-0.08319091796875,0.05316162109375,-0.2041015625
116,0.9759678665212166,-0.09840255278010034,0.08616592254128344,0.17398163147993312,0.31376602019753347,0.24323897856135032,-0.017731631479933112,-0.9175572219899666,0.979736328125,0.16751006773881688,0.015640718083716556,-0.1083078033549331,0.9690866119486831,0.2227903640389841,-0.060178826883883776,-0.08650253448996656,0.9777989212087166,0.055402366612667224,-0.08288390500888378,-0.18409774933371656,0.9739222701975334,-0.08325379030361622,0.05319305726118311,-0.20414871675114968
117,0.97601318359375,-0.0982666015625,0.08612060546875,0.174072265625,0.31375254755434784,0.24311098845108695,-0.017830226732336956,-0.9175945779551631,0.979736328125,0.16741147248641305,0.015717879585597828,-0.10838251528532608,0.9691852072010869,0.22246518342391305,-0.05997367527173913,-0.08653989045516304,0.97784423828125,0.05517578125,-0.08270263671875,-0.18414306640625,0.9738689920176631,-0.08344301970108696,0.05330757472826087,-0.20428466796875
118,0.97601318359375,-0.09826598916962792,0.08612040133779264,0.17407267388691472,0.31396463961904264,0.24316365423808528,-0.017883709043164716,-0.9175417080372074,0.9797365322559574,0.16735717365175584,0.015931604697951508,-0.10827677544941472,0.96923828125,0.22241149698212792,-0.05981424899404264,-0.08648722466816472,0.97784423828125,0.05517537298808528,-0.08270202432587792,-0.18414306640625,0.97381591796875,-0.08349670614287208,0.05346700100595736,-0.20428507623066472
119,0.97601318359375,-0.09810615463001672,0.08606712315792224,0.17417923024665552,0.31391136143917225,0.24305709787834448,-0.01799026540290552,-0.9175949862170778,0.9797898104358278,0.16703750457253344,0.01630455195704432,-0.10838333180915552,0.96923828125,0.22225166244251673,-0.05976097081417224,-0.08659378102790552,0.97784423828125,0.05506881662834448,-0.08254218978626672,-0.18414306640625,0.97381591796875,-0.08365654068248328,0.05352027918582776,-0.20439163259040552
120,0.97601318359375,-0.09808349609375,0.0860595703125,0.1741943359375,0.3140409845970945,0.24313344285639632,-0.018096821762646324,-0.9175110883936036,0.97979736328125,0.1669921875,0.016357421875,-0.1083984375,0.9692840065844481,0.22213755323735368,-0.05957051663095735,-0.08656316138430184,0.97784423828125,0.0550537109375,-0.08251953125,-0.18414306640625,0.97381591796875,-0.08363347388430184,0.05361928270014632,-0.20436101294680184
121,0.97601318359375,-0.09800755937761288,0.08594566523829432,0.17423230429556857,0.3140869140625,0.24301218906772576,-0.018165409764318564,-0.9175184371080686,0.9798353316393186,0.16684031406772576,0.0166611687395485,-0.1083984375,0.9693372847643186,0.22203099687761288,-0.05939537226954431,-0.08662378827863712,0.9778822066393186,0.05490183750522575,-0.08236765781772575,-0.18410509804818143,0.9737779496106814,-0.08369410077863712,0.05376380741795569,-0.20438367148306857
122,0.97601318359375,-0.09790100301787208,0.08584625346206104,0.17431579385712792,0.3141473368258779,0.242919921875,-0.018309322089255856,-0.917511292524561,0.9798583984375,0.16668762411162208,0.016875914506688964,-0.10845886026337792,0.9693603515625,0.22192444051787208,-0.05923553772993311,-0.086669921875,0.9779052734375,0.05477935893081104,-0.08221496786162208,-0.18405181986831104,0.9737548828125,-0.083740234375,0.05386321919418896,-0.20437652689956104
123,0.97601318359375,-0.09783935546875,0.0858154296875,0.17437744140625,0.314208984375,0.242919921875,-0.0184326171875,-0.91748046875,0.9798583984375,0.16664843096780937,0.01704146471310619,-0.10847559900188126,0.9693603515625,0.22186279296875,-0.05914306640625,-0.086669921875,0.9779052734375,0.05474853515625,-0.0821533203125,-0.18402099609375,0.9737548828125,-0.083740234375,0.05389404296875,-0.204345703125
124,0.97601318359375,-0.0977952631819607,0.08575663997178093,0.17439213883517976,0.3142530766617893,0.24289052701714048,-0.0184767094742893,-0.91748046875,0.9798583984375,0.1665988271451714,0.01746401579483696,-0.1083984375,0.9693897464203596,0.22178930582410117,-0.05899609211695234,-0.086669921875,0.9779346682953596,0.05467504801160117,-0.08206513573892141,-0.1839769038069607,0.9737548828125,-0.08379902409071907,0.053952832684469064,-0.20433100569607024
125,0.97601318359375,-0.09765625,0.0855712890625,0.1744384765625,0.314433732559051,0.24281173246760032,-0.01864348446645067,-0.9174596473923495,0.9798583984375,0.16632080078125,0.01806640625,-0.1083984375,0.9694893623275501,0.22154373628239968,-0.05849801258099916,-0.08664216006479933,0.97802734375,0.054443359375,-0.081787109375,-0.183837890625,0.9737548828125,-0.08399131545255016,0.054152064498850336,-0.2042638466110995
126,0.97601318359375,-0.09765625,0.0855712890625,0.1744384765625,0.3147534016382734,0.24291828882734115,-0.018856597185932272,-0.9172998128527383,0.9798583984375,0.16632080078125,0.01806640625,-0.1083984375,0.9695426405074206,0.22143717992265885,-0.05823162168164716,-0.08642904734531773,0.97802734375,0.054443359375,-0.081787109375,-0.183837890625,0.9737548828125,-0.08404459363242058,0.054258620858591136,-0.2041040120714883
127,0.976065645249791,-0.09755132668791806,0.08541390409437709,0.17449093821854098,0.31475830078125,0.24271007525083613,-0.01885986328125,-0.917349824937291,0.979910860093541,0.16611095415708613,0.01869594612249164,-0.10829351418791806,0.96954345703125,0.22138308521895902,-0.05807015409437709,-0.08653070456208194,0.978079805406041,0.05418105109479515,-0.08141987778271322,-0.18357558234479515,0.9737548828125,-0.08415033346833194,0.05447010053041388,-0.2041015625
128,0.97607421875,-0.0975341796875,0.08538818359375,0.17449951171875,0.31498182417955684,0.24285459996864547,-0.019038681999895488,-0.9172242843985159,0.97991943359375,0.16607666015625,0.018798828125,-0.1082763671875,0.9696328663905728,0.22119569300010453,-0.05777620551578177,-0.08645844220317726,0.97808837890625,0.05413818359375,-0.08135986328125,-0.18353271484375,0.9737548828125,-0.08443570854671822,0.054593803890572744,-0.20401215314067725
129,0.97607421875,-0.09749723198421822,0.08516649737405936,0.17457340712531355,0.3150265288592182,0.24269823565530937,-0.019030108499686456,-0.9172491883753136,0.9799563812970318,0.16585497393655937,0.01935304367422659,-0.1082763671875,0.96966552734375,0.22109342339046822,-0.05745653643655936,-0.08649967665656355,0.9781622743128136,0.053842601967495816,-0.0809534385451505,-0.18345881943718645,0.9737179351092182,-0.08457063910953178,0.05488509876672241,-0.20401643989078178
130,0.97607421875,-0.09744395380434782,0.08484682829483696,0.17467996348505435,0.3151192043138587,0.2424661387567935,-0.019040315047554348,-0.91729736328125,0.97998046875,0.16571044921875,0.019889499830163044,-0.10836393936820653,0.9697239087975543,0.2209525730298913,-0.05696172299592391,-0.0865478515625,0.9782396399456522,0.053679093070652176,-0.08042576002038043,-0.18335226307744565,0.97369384765625,-0.08453634510869565,0.05528723675271739,-0.20404052734375
131,0.97607421875,-0.097412109375,0.08465576171875,0.17474365234375,0.31524658203125,0.24237060546875,-0.01910400390625,-0.91729736328125,0.97998046875,0.16564614796718227,0.020252036410430604,-0.1083737376541597,0.9698304651572951,0.22071802655988712,-0.0564081198395694,-0.08648355031093227,0.978271484375,0.0537109375,-0.08013916015625,-0.18328857421875,0.97369384765625,-0.08447265625,0.0555419921875,-0.20404052734375
132,0.97607421875,-0.09738475582671405,0.0846010546221781,0.174757329117893,0.3153149659019649,0.24234325192046405,-0.019158711002821904,-0.917270009732964,0.979994145524143,0.1654179295568562,0.02071929217182274,-0.10820165525710702,0.96990966796875,0.22049266598296405,-0.056036601497178096,-0.08639209964203595,0.978298837923286,0.053628876855142144,-0.08002974596310619,-0.18324754389632106,0.973680170882107,-0.08454104012071488,0.055624052832357856,-0.20404052734375
133,0.97607421875,-0.0972900390625,0.08441162109375,0.1748046875,0.3155754370035535,0.24226037475177675,-0.01937774352006689,-0.9171693731709866,0.98004150390625,0.1650390625,0.021240234375,-0.108154296875,0.9699155877665134,0.22038018982545987,-0.05581756897993311,-0.08646313721519648,0.9783935546875,0.0533447265625,-0.07965087890625,-0.18310546875,0.9736328125,-0.08480151122230352,0.055925962518290136,-0.20404052734375
134,0.97607421875,-0.0972900390625,0.08441162109375,0.1748046875,0.3157885497230351,0.24236693111151755,-0.0196441344194189,-0.9171160949911162,0.98004150390625,0.1650390625,0.021240234375,-0.108154296875,0.9699688659463838,0.22022035528584866,-0.055551178080581104,-0.08625002449571488,0.9783935546875,0.0533447265625,-0.07965087890625,-0.18310546875,0.9736328125,-0.08501462394178512,0.056085797057901336,-0.20404052734375
135,0.9761256597512542,-0.09718715705999163,0.08425729808998746,0.17490756950250835,0.3157444574362458,0.24216484146373327,-0.01970476131375418,-0.9171656988137542,0.9800929449075042,0.1647818574937291,0.021600321383779264,-0.10810285587374582,0.9700221441262542,0.22011196174749165,-0.055387669183737456,-0.08639699878501254,0.9783935546875,0.05313896255748328,-0.07934223289872491,-0.18305402774874582,0.9735813714987458,-0.08512485465875837,0.056245631597512544,-0.20414340934625835
136,0.97613525390625,-0.09708060070025083,0.08414114757525083,0.1749704418373746,0.3158222313309992,0.2420827808188754,-0.019845407543373748,-0.9171316089438755,0.9801025390625,0.16464651866900085,0.021754848518499164,-0.10813694574362458,0.9700754223061245,0.22000540538775085,-0.05514046659437709,-0.08642578125,0.9784372387123745,0.05301321788775083,-0.07919729991900083,-0.1830881176186246,0.9735280933188755,-0.08540614711799749,0.05649283418687291,-0.2042062816811246
137,0.97613525390625,-0.0970458984375,0.0841064453125,0.17498779296875,0.31585693359375,0.2420654296875,-0.0198974609375,-0.9171142578125,0.980138466110995,0.16446810821227006,0.021969186023724916,-0.10808244277801003,0.9700927734375,0.219970703125,-0.0550537109375,-0.08642578125,0.97845458984375,0.05290666152801003,-0.07901888946227006,-0.18303361465301005,0.9735107421875,-0.08551025390625,0.05657958984375,-0.2042236328125
138,0.97613525390625,-0.0970458984375,0.08405010516826923,0.17504413311298078,0.3159132737379808,0.2420372596153846,-0.019925631009615384,-0.9171142578125,0.98016357421875,0.16436767578125,0.022151066706730768,-0.10808856670673077,0.9700927734375,0.21991436298076922,-0.05491286057692308,-0.08645395132211539,0.97845458984375,0.0528564453125,-0.07886211688701923,-0.18303973858173078,0.9734825721153846,-0.08553842397836539,0.056692270132211536,-0.20433631310096154
139,0.97613525390625,-0.0970458984375,0.083984375,0.17510986328125,0.31597900390625,0.24200439453125,-0.01995849609375,-0.9171142578125,0.98016357421875,0.16430643649404264,0.022278036162207356,-0.10811347068352843,0.9701131865332357,0.2198486328125,-0.054666882773306856,-0.08646640331051421,0.9784750029394857,0.052836032216764216,-0.07871473433580686,-0.18306464255852842,0.97344970703125,-0.0855712890625,0.05682373046875,-0.2044677734375
140,0.97613525390625,-0.09703324231814381,0.08394640664193144,0.1751225194006062,0.3159916600256062,0.24196642617318143,-0.019971152213106188,-0.9171142578125,0.9801762303381062,0.16414660195443143,0.02248849517924331,-0.10804488268185619,0.97015380859375,0.2198359766931438,-0.05446642617318144,-0.08643843736935619,0.978515625,0.05279541015625,-0.07846365325825669,-0.1829833984375,0.9734370509118938,-0.08558394518185619,0.056887011065530936,-0.2044804295568562
141,0.97613525390625,-0.09698486328125,0.08380126953125,0.1751708984375,0.3160400390625,0.2418212890625,-0.02001953125,-0.9171142578125,0.980224609375,0.16400146484375,0.0228271484375,-0.10809326171875,0.9701587077367266,0.21977290022732024,-0.05430659163357023,-0.08648681640625,0.978515625,0.05279541015625,-0.078125,-0.1829833984375,0.973388671875,-0.08563232421875,0.05712890625,-0.20452880859375
142,0.97613525390625,-0.09698486328125,0.08380126953125,0.1751708984375,0.3160400390625,0.2418212890625,-0.02001953125,-0.9171142578125,0.980224609375,0.16400146484375,0.0228271484375,-0.10809326171875,0.970211985916597,0.21961306568770902,-0.054146757093959025,-0.08648681640625,0.978515625,0.05279541015625,-0.078125,-0.1829833984375,0.973388671875,-0.08563232421875,0.05712890625,-0.20452880859375
143,0.97613525390625,-0.09698486328125,0.08370042883831522,0.17527173913043478,0.3160904594089674,0.24172044836956522,-0.019868270210597824,-0.9171646781589674,0.980224609375,0.16374936311141305,0.02312967051630435,-0.10824452275815218,0.97021484375,0.2196044921875,-0.054037342900815216,-0.08663807744565218,0.978515625,0.052644149116847824,-0.07797373896059782,-0.18308423913043478,0.9733382515285326,-0.08568274456521739,0.05733058763586957,-0.20462964928668478
144,0.9760925905361622,-0.09702752665133779,0.08359387247857442,0.17537829549017558,0.3160584108486622,0.24161389200982442,-0.019623108930811033,-0.9172179563388378,0.980224609375,0.16378161580267558,0.023236022745087792,-0.10836169392767558,0.97021484375,0.21951916544732442,-0.05380279643081103,-0.08675524861517558,0.978515625,0.05265496805758779,-0.07785656779107442,-0.18319079549017558,0.9732849733486622,-0.08560803263482442,0.05750103698526338,-0.20486419575668896
145,0.97607421875,-0.0970458984375,0.08355712890625,0.1754150390625,0.3160400390625,0.2415771484375,-0.01953125,-0.917236328125,0.980224609375,0.16367873380016723,0.02342892649979097,-0.1083984375,0.97021484375,0.219482421875,-0.0537109375,-0.0867919921875,0.978515625,0.052568620662625416,-0.07778491782504181,-0.1832624454562082,0.9732666015625,-0.0855712890625,0.05755615234375,-0.2049560546875
146,0.97607421875,-0.09707304785482859,0.08352997948892141,0.17546933789715718,0.3160400390625,0.2415771484375,-0.019449801748014212,-0.917236328125,0.980224609375,0.16362851758465718,0.023586719729828596,-0.10845273633465718,0.97021484375,0.219482421875,-0.053602339830685616,-0.08684629102215718,0.978515625,0.05251738379232859,-0.07773163964517141,-0.1833157236360786,0.9732394521451714,-0.08559843847982859,0.05761045117840719,-0.20503750293948578
147,0.97607421875,-0.09710693359375,0.08349609375,0.175537109375,0.3160400390625,0.2415771484375,-0.01934814453125,-0.917236328125,0.980224609375,0.163638111739653,0.023659390350647996,-0.1085205078125,0.97021484375,0.219501814315949,-0.05340861955215301,-0.0869140625,0.978515625,0.05251248464935201,-0.07769775390625,-0.183369001815949,0.97320556640625,-0.08563232421875,0.05767822265625,-0.20513916015625
148,0.97607421875,-0.09711856905831939,0.0834728228208612,0.17556038030413879,0.3160400390625,0.2415655129729306,-0.0193365090666806,-0.917236328125,0.980224609375,0.1635248190583194,0.023765946710388796,-0.1085437787416388,0.97021484375,0.2195550924958194,-0.0532604204771112,-0.0869373334291388,0.978515625,0.0524408346833194,-0.0776512120479724,-0.1833990090666806,0.97320556640625,-0.08564395968331939,0.0577131290499582,-0.20516243108538879
149,0.97607421875,-0.09716796875,0.0833740234375,0.1756591796875,0.3160400390625,0.24151611328125,-0.019287109375,-0.917236328125,0.980224609375,0.1635703402618102,0.0238763815583194,-0.10863869963681021,0.97021484375,0.21959673521112041,-0.0531577426055602,-0.08703225432431021,0.978515625,0.052490234375,-0.07745361328125,-0.183349609375,0.97320556640625,-0.085693359375,0.057861328125,-0.20526123046875
150,0.97607421875,-0.09716796875,0.0833740234375,0.1756591796875,0.3160400390625,0.24151611328125,-0.019287109375,-0.917236328125,0.980224609375,0.1635170620819398,0.0240362160979306,-0.10858542145693979,0.97021484375,0.21949017885137959,-0.0531044644256898,-0.08697897614443979,0.978515625,0.052490234375,-0.07745361328125,-0.183349609375,0.97320556640625,-0.085693359375,0.057861328125,-0.20526123046875
151,0.97607421875,-0.09721736844168061,0.08317642467077759,0.17575797907086121,0.3160894387541806,0.24136791420620818,-0.01908951060827759,-0.917236328125,0.980224609375,0.16336498451870818,0.024443049095944823,-0.10872974204379181,0.9702642434416806,0.21933422279995818,-0.052754788095735784,-0.08712329673129181,0.9785650246916806,0.05239143499163879,-0.07715721513116638,-0.1833990090666806,0.9731561667145694,-0.08584155845004181,0.05805892689172241,-0.2053106301604306
152,0.976032576034699,-0.09735393205215301,0.08292166923599498,0.17586453543060201,0.31610107421875,0.241208079666597,-0.018668184312290965,-0.917277970840301,0.980182966659699,0.163455006270903,0.024702703673704016,-0.108847933868102,0.970234236190949,0.219465887267454,-0.052506768982545984,-0.08728313127090301,0.97857666015625,0.05249309220840301,-0.07687918876724498,-0.18349392996185201,0.973102888534699,-0.08600139298965301,0.058396967757107024,-0.20540555105560201
153,0.97601318359375,-0.097412109375,0.08282470703125,0.1759033203125,0.31610107421875,0.24114990234375,-0.01849365234375,-0.91729736328125,0.9801974599576714,0.16327598342130017,0.025017473609949832,-0.10898837596676421,0.9702826152278428,0.21920459964203595,-0.052293656263064384,-0.08740908007159282,0.97857666015625,0.05228018361987876,-0.07671445508465718,-0.18360048632159282,0.97308349609375,-0.0860595703125,0.05853271484375,-0.2054443359375
154,0.9759870548312082,-0.09762113947533445,0.08261567693091555,0.17600783536266723,0.3160488166936664,0.2410715160561246,-0.01799720585545568,-0.9173496208063336,0.9801723518499164,0.16332109636287626,0.025390420869042644,-0.10914821050637542,0.9702846565374164,0.21916826433162626,-0.05202828601849916,-0.08756789395641723,0.97857666015625,0.05227201838158445,-0.07642499738712374,-0.1837331714438754,0.9730573673312082,-0.08600731278741638,0.058767873706626256,-0.20554885098766723
155,0.9759521484375,-0.097900390625,0.08233642578125,0.1761474609375,0.31597900390625,0.240966796875,-0.017333984375,-0.91741943359375,0.9801025390625,0.16346990783079013,0.02574499634197325,-0.10934478861831104,0.9702515873223244,0.21933544758570234,-0.05174536051160117,-0.08776263488973662,0.97857666015625,0.05240429524195234,-0.07605572448526338,-0.18387463419732442,0.9730224609375,-0.0859375,0.05908203125,-0.2056884765625
156,0.9759521484375,-0.09798530910326088,0.08227273692255435,0.17617930536684784,0.31595777428668476,0.24095618206521738,-0.017153532608695645,-0.9174406632133152,0.9800919242527174,0.16317085597826086,0.026064665421195655,-0.10957933508831522,0.9703156844429348,0.21907905910326086,-0.05152163298233695,-0.08792246942934782,0.97857666015625,0.05214790675951087,-0.07586404551630435,-0.18398119055706522,0.9730118461277174,-0.08591627038043478,0.05917756453804348,-0.20573093580163043
157,0.9759521484375,-0.098388671875,0.08197021484375,0.17633056640625,0.31585693359375,0.24090576171875,-0.01629638671875,-0.91754150390625,0.98004150390625,0.16355707174958195,0.02638719233382107,-0.10968589144805602,0.9702205594168061,0.21946813270798496,-0.05126095774979097,-0.08807658830215301,0.97857666015625,0.05252840686402592,-0.07555294993729098,-0.184084889083403,0.97296142578125,-0.0858154296875,0.05963134765625,-0.2059326171875
158,0.9759521484375,-0.098388671875,0.08197021484375,0.17633056640625,0.31585693359375,0.24090576171875,-0.01629638671875,-0.91754150390625,0.98004150390625,0.16323740267035952,0.026760139592913876,-0.10979244780779682,0.9703271157765468,0.21920174180863294,-0.05110112321017977,-0.08812986648202341,0.97857666015625,0.05210218142506271,-0.07539311539767976,-0.18413816726327342,0.97296142578125,-0.0858154296875,0.05963134765625,-0.2059326171875
159,0.9759037694006062,-0.09863056705946907,0.08182507773306856,0.17647570351693143,0.3158085545568562,0.24090576171875,-0.01581259634981187,-0.91754150390625,0.9799931248693562,0.16335314492318143,0.02713308685200669,-0.10989900416753763,0.9702885350256062,0.21932238320443143,-0.050844530596780936,-0.08827990273568144,0.97857666015625,0.05220812539193144,-0.07518490182117475,-0.18423982448003762,0.9729130467443562,-0.08562191353992475,0.059873242840719064,-0.2059809962243938
160,0.9758504912207357,-0.09885633589830686,0.08166524319345736,0.17659491599602842,0.3158365204980142,0.24086513965823578,-0.015320436611622072,-0.91754150390625,0.9799398466894857,0.16355360152330686,0.027343545869042644,-0.11000556052727843,0.9702352568457357,0.21952283980455686,-0.05070000587897157,-0.08839911521477843,0.97857666015625,0.052408581992056856,-0.07501241116220736,-0.18434638083977842,0.972900390625,-0.08544942288095736,0.06013963374007107,-0.20611551852529264
161,0.975830078125,-0.09893798828125,0.08160400390625,0.1766357421875,0.31585693359375,0.2408447265625,-0.01513671875,-0.91754150390625,0.9799522986778846,0.16350379356971154,0.027569110576923076,-0.11004638671875,0.9702477088341346,0.21944016676682693,-0.05056058443509615,-0.08840707632211539,0.97857666015625,0.05232590895432693,-0.07488544170673077,-0.18432147686298078,0.972900390625,-0.08538818359375,0.06024169921875,-0.2061767578125
162,0.975830078125,-0.09901331260451506,0.08150357147522994,0.17671106651076504,0.31585693359375,0.24076940223923496,-0.015011178211224916,-0.917566612014005,0.979955360642245,0.16349154571227006,0.027785285260765052,-0.11012171104201506,0.970250770798495,0.21939974883727006,-0.05040074989548495,-0.08847933868102006,0.97857666015625,0.05226038291701505,-0.07472866913147994,-0.18434046104201504,0.972875282517245,-0.08531285927048494,0.060392347865280104,-0.20622697402801005
163,0.975830078125,-0.09912109375,0.08135986328125,0.17681884765625,0.31585693359375,0.24066162109375,-0.01483154296875,-0.9176025390625,0.9799367847251255,0.1635311471179975,0.027979822063127092,-0.1102294921875,0.9702495460127508,0.2194393502429975,-0.05025826648724916,-0.088623046875,0.97857666015625,0.05229875953699833,-0.07453290754337374,-0.1844308910561246,0.97283935546875,-0.085205078125,0.06060791015625,-0.206298828125
164,0.9758204839700042,-0.09915947036998328,0.08130229835127509,0.17684763012123747,0.3158473394387542,0.24063283862876253,-0.014735601418791806,-0.9176217273724916,0.9799612804400084,0.1633170137437291,0.028255807117474916,-0.11024868049749163,0.9703273199075042,0.2192252168687291,-0.050122927662520904,-0.08866142349498328,0.97857666015625,0.05216240005748328,-0.07434429053877509,-0.18441598949623747,0.9728297613137542,-0.08518588981500837,0.060675069241220736,-0.20632761058998747
165,0.97576904296875,-0.099365234375,0.08099365234375,0.177001953125,0.3157958984375,0.240478515625,-0.01422119140625,-0.917724609375,0.9798602356161162,0.16356135849968645,0.02856996466084866,-0.11035523685723245,0.9702777160848662,0.21946956162468645,-0.04986204829901756,-0.08886535032138378,0.9785784973348662,0.052355303812186456,-0.07403013299540134,-0.18456663814276755,0.9727783203125,-0.0850830078125,0.06103515625,-0.20648193359375
166,0.97576904296875,-0.099365234375,0.08099365234375,0.177001953125,0.3157958984375,0.240478515625,-0.01422119140625,-0.917724609375,0.9799135137959866,0.16318841124059366,0.028729799200459864,-0.11046179321697325,0.9703309942647366,0.21909661436559366,-0.04975549193927676,-0.08881207214151338,0.9786317755147366,0.051982356553093655,-0.07387029845579014,-0.18446008178302675,0.9727783203125,-0.0850830078125,0.06103515625,-0.20648193359375
167,0.97576904296875,-0.09960202628553512,0.08070950205110786,0.17709666988921405,0.3157958984375,0.2402890820965719,-0.013747607585179766,-0.917771967757107,0.97991943359375,0.163099614274143,0.029173784032713212,-0.11061570795882107,0.9703369140625,0.21905517578125,-0.049364785286893816,-0.08890086910796405,0.9786376953125,0.05203563473296405,-0.07347367200564381,-0.184495600569607,0.9727783203125,-0.0848935742840719,0.061414023306856184,-0.206529291975857
168,0.97576904296875,-0.09986841718488712,0.08035023156615803,0.17720322624895485,0.31583549984322745,0.24011557078281773,-0.013135622975020904,-0.91778564453125,0.9798798321880225,0.16328394452863712,0.029574084840091972,-0.11073594109270485,0.9702973126567725,0.21925318280988712,-0.049017762659385455,-0.08904702687343227,0.9786376953125,0.05226099530988712,-0.07308704797240803,-0.18458848015520485,0.9727783203125,-0.08464086015886288,0.061800647340091976,-0.20654296875
169,0.97576904296875,-0.0999755859375,0.0802001953125,0.17724609375,0.31585693359375,0.24005126953125,-0.01287841796875,-0.91778564453125,0.9798583984375,0.16323189113451086,0.02988334324048913,-0.11081065302309782,0.9703395677649457,0.21916928498641305,-0.048761782438858696,-0.08907948369565218,0.9786695397418478,0.05220894191576087,-0.07284147843070653,-0.18459950322690216,0.9727464758831522,-0.0846610691236413,0.06201437245244565,-0.20657481317934784
170,0.97576904296875,-0.10002376084343645,0.08003158314172241,0.17727018120296822,0.31585693359375,0.23990674481344063,-0.012685718345004184,-0.9178338194371864,0.9798343109845318,0.16315819985890467,0.03017382159280936,-0.11086393120296822,0.97039794921875,0.21904231553093645,-0.04847640736047241,-0.08909846787468645,0.97869873046875,0.052111163187186456,-0.07258529407922241,-0.1845703125,0.97271728515625,-0.08475374457828178,0.062265453529995816,-0.20655582900031355
171,0.97576904296875,-0.10009765625,0.07977294921875,0.17730712890625,0.31585693359375,0.23968505859375,-0.01239013671875,-0.91790771484375,0.9798136937578387,0.16317106010921822,0.030493490672031772,-0.11090087890625,0.9704142796953387,0.21901822807796822,-0.04815245153114549,-0.08915603280466138,0.9787150609453387,0.05211973668739549,-0.07227766872648411,-0.18455398202341136,0.97271728515625,-0.084716796875,0.06256103515625,-0.20648193359375
172,0.97576904296875,-0.10011480325041806,0.07970436121707776,0.17731570240645902,0.31586550709395905,0.23963361759249582,-0.012312975216868732,-0.917916288343959,0.9798583984375,0.16285996453020485,0.030881747752926417,-0.11091802590666806,0.9704761313754181,0.21870713249895485,-0.04787075080999164,-0.08911990162520902,0.978768339125209,0.05191519746812291,-0.07203209918478261,-0.18450070384354098,0.97271728515625,-0.084716796875,0.06263819665813126,-0.20647336009354098
173,0.97576904296875,-0.1002197265625,0.07928466796875,0.1773681640625,0.31591796875,0.23931884765625,-0.0118408203125,-0.91796875,0.9798583984375,0.16259765625,0.0316162109375,-0.11102294921875,0.9705810546875,0.21844482421875,-0.0472412109375,-0.08917236328125,0.97882080078125,0.0517578125,-0.07135009765625,-0.1844482421875,0.97271728515625,-0.084716796875,0.0631103515625,-0.2064208984375
174,0.97576904296875,-0.1002197265625,0.07928466796875,0.1773681640625,0.31591796875,0.23931884765625,-0.0118408203125,-0.91796875,0.9798583984375,0.16259765625,0.0316162109375,-0.11102294921875,0.9705810546875,0.21844482421875,-0.0472412109375,-0.08917236328125,0.97882080078125,0.0517578125,-0.07135009765625,-0.1844482421875,0.97271728515625,-0.084716796875,0.0631103515625,-0.2064208984375
175,0.97576904296875,-0.1003587397444607,0.07896030387750837,0.17741450178982024,0.31591796875,0.23913349674696907,-0.011423780766617892,-0.9180150877273202,0.9798583984375,0.1624586430680393,0.03221860139266304,-0.1111619624007107,0.9706273924148202,0.21835214876410952,-0.04668515820965719,-0.0893113764632107,0.9788671385085702,0.051572461590719064,-0.07084038265572742,-0.1844482421875,0.9726709474289298,-0.08476313460232024,0.06352739110838211,-0.20637456071017976
176,0.97576904296875,-0.10055715503501254,0.07858735661841555,0.17746777996969063,0.31587938799905935,0.23892038402748747,-0.010867115645903015,-0.9181069466581313,0.9798198176865593,0.16256887378501253,0.03267973322533445,-0.11124463543844064,0.9706035090928093,0.21851565766095318,-0.04623872380591555,-0.08943263025188126,0.9789204166884407,0.05166799487876254,-0.07040864568091555,-0.18448682293844063,0.97265625,-0.08462350902748746,0.06392973322533445,-0.20632128253030937
177,0.97576904296875,-0.10064697265625,0.07843017578125,0.177490234375,0.31585693359375,0.23883056640625,-0.0106201171875,-0.91815185546875,0.979828187055811,0.1624737487588838,0.03299103293530518,-0.11129791361831104,0.970611878462061,0.21847381081469483,-0.04592742409594482,-0.0894775390625,0.97894287109375,0.051634517401755856,-0.07012816974550586,-0.18447845356918896,0.97265625,-0.08459533895537207,0.06414856161162207,-0.20632965189956104
178,0.97576904296875,-0.10067003945443144,0.07831484179034282,0.177490234375,0.3158800003919314,0.23871523241534282,-0.010481716398411375,-0.9181749222669314,0.9798353316393186,0.16233861406511288,0.033257423834657185,-0.111328125,0.97064208984375,0.21834582070443143,-0.045661033196592815,-0.0894775390625,0.9789659378919314,0.05153673867318144,-0.06989199022784282,-0.1844482421875,0.97265625,-0.08465576171875,0.06434738516408862,-0.20633679648306857
179,0.97576904296875,-0.1007080078125,0.078125,0.177490234375,0.31591796875,0.238525390625,-0.01025390625,-0.918212890625,0.9798126731030519,0.1623380016722408,0.0335238147340092,-0.11134343482180184,0.9706573996655519,0.21833785959709448,-0.04542526194084448,-0.0894775390625,0.97900390625,0.05152877756584448,-0.06964090915029264,-0.1844482421875,0.97265625,-0.08465576171875,0.0645751953125,-0.206298828125
180,0.9757765958141722,-0.10072311350334448,0.07807968292746655,0.177490234375,0.31591796875,0.23848762639788879,-0.010201036332044307,-0.9182204434704222,0.9798583984375,0.16209426930915552,0.03382796986047242,-0.11138916015625,0.9707106778454222,0.21818557790290552,-0.04520500463785534,-0.08948509190792224,0.9790114590954222,0.05138404871707776,-0.06939758504912207,-0.18443313649665552,0.97265625,-0.08464065602790552,0.0646280652304557,-0.20628372243415552
181,0.9758298739940426,-0.10082966986308528,0.07776001384824414,0.177490234375,0.31591796875,0.2382212354985368,-0.0098280890729515,-0.9182737216502926,0.9798583984375,0.16198771294941472,0.03436075165917643,-0.11138916015625,0.9707639560252926,0.21807902154316472,-0.04461894465928093,-0.08953837008779264,0.9790647372752926,0.05133077053720736,-0.06897135961015886,-0.18432658013691472,0.97265625,-0.08453409966816472,0.0650010124895485,-0.20617716607441472
182,0.975830078125,-0.100830078125,0.07749341881793477,0.17754330842391305,0.31591796875,0.2380079186480978,-0.009667438009510865,-0.9183269998301631,0.9798053243885869,0.16204037873641305,0.03462816321331522,-0.11144223420516304,0.97076416015625,0.21807861328125,-0.04435132897418478,-0.08959164826766304,0.97906494140625,0.05133056640625,-0.06870435631793477,-0.18437924592391305,0.9726031759510869,-0.08453369140625,0.06526781165081523,-0.2061767578125
183,0.975830078125,-0.100830078125,0.07745361328125,0.17755126953125,0.31596328582253347,0.23793075714621656,-0.009598237614966554,-0.9183349609375,0.9798426803537834,0.1618670715536162,0.034803919967600336,-0.11140487823996656,0.97076416015625,0.21807861328125,-0.04413025514736622,-0.08955429230246656,0.9791102584787834,0.05133056640625,-0.06848328249111621,-0.18429657288618312,0.9726405319162834,-0.08448837433371656,0.06526230011496656,-0.20613144073996656
184,0.975830078125,-0.10079251802884616,0.07726581280048077,0.17755126953125,0.31597900390625,0.23772723858173075,-0.009544959435096152,-0.9184100811298077,0.9798583984375,0.16180419921875,0.03503887469951924,-0.11142672025240384,0.97076416015625,0.21804105318509615,-0.04387958233173076,-0.08957613431490384,0.9791259765625,0.05129300631009615,-0.06823260967548077,-0.18426513671875,0.97265625,-0.08451021634615384,0.06543438251201923,-0.20607816256009615
185,0.975830078125,-0.10076904296875,0.0771484375,0.17755126953125,0.31597900390625,0.23760986328125,-0.009521484375,-0.91845703125,0.9798583984375,0.16165518361987877,0.03530526559887124,-0.1113905890729515,0.9707939632760243,0.21798777500522576,-0.043702600791701504,-0.089599609375,0.9791259765625,0.051209925010451504,-0.06808543125522575,-0.18426513671875,0.9726264468802257,-0.08453369140625,0.06564116717182275,-0.2061142937395485
186,0.9758521242683946,-0.10074699682535534,0.07703820678302675,0.17752922338785534,0.3160230961930393,0.23745554027748744,-0.009455345944816052,-0.9184790773933946,0.9798583984375,0.16147697729410534,0.03557165649822325,-0.111328125,0.9708251953125,0.21793449682535534,-0.04352990600177675,-0.08957756323160534,0.9791480227058946,0.05112541479410535,-0.06794396850177675,-0.1842210444319607,0.97259521484375,-0.0845777836930393,0.06584509399822325,-0.2061326655257107
187,0.97589111328125,-0.1007080078125,0.07684326171875,0.177490234375,0.31610107421875,0.2371826171875,-0.00933837890625,-0.91851806640625,0.9798726876045151,0.16142369911423496,0.03580946906354515,-0.111328125,0.9708394844795151,0.2178955078125,-0.04327780426943979,-0.08953857421875,0.97918701171875,0.05110071494826505,-0.06770615593645485,-0.18414306640625,0.97259521484375,-0.08465576171875,0.0660400390625,-0.2060546875
188,0.97589111328125,-0.10072107219377091,0.07682366514684365,0.177490234375,0.31609454202811454,0.2371695528062291,-0.009299185762437287,-0.9185245985968854,0.9799129014031146,0.161376953125,0.03600849674696907,-0.11133465719063546,0.97088623046875,0.21790204000313546,-0.04304509497805183,-0.08954510640938546,0.9791935439093854,0.0511474609375,-0.06752672482493728,-0.18414959859688546,0.97259521484375,-0.08464922952811454,0.06607923220631272,-0.20604815530936454
189,0.97589111328125,-0.10082762855351171,0.07666383060723245,0.177490234375,0.31604126384824416,0.2370629964464883,-0.00897951668321488,-0.9185778767767558,0.9798596232232442,0.161376953125,0.03648800036580268,-0.11138793537050586,0.97088623046875,0.21795531818300584,-0.042672147718959025,-0.08959838458925586,0.9792468220892558,0.0511474609375,-0.06720705574571488,-0.18420287677675584,0.97259521484375,-0.08459595134824414,0.06639890128553512,-0.20599487712949416
190,0.97589111328125,-0.100830078125,0.07655604946174749,0.17743818098087374,0.31609209245662623,0.2369564400867475,-0.008920114574623744,-0.9185791015625,0.9798583984375,0.161376953125,0.03660313022575251,-0.11133710676212374,0.97088623046875,0.21795654296875,-0.04255946743049749,-0.08954755598087374,0.979248046875,0.0511474609375,-0.06709560024299749,-0.18415204816837374,0.97259521484375,-0.0845947265625,0.06645830339412626,-0.20594159894962374
191,0.97589111328125,-0.100830078125,0.0765380859375,0.17742919921875,0.31601248138325666,0.23689418014475333,-0.008866836394753344,-0.9186233979802466,0.9798583984375,0.1612883602895067,0.03688687225647994,-0.11137242141774666,0.97088623046875,0.21800083938649667,-0.042364318235263376,-0.08953857421875,0.979248046875,0.051191757355246656,-0.06694474746551003,-0.18409876998850333,0.97259521484375,-0.08455043014475334,0.06655587799174331,-0.2058440243520067
192,0.9759276527226171,-0.100830078125,0.07642846761339883,0.17739265977738294,0.31601554334761706,0.23669474419941472,-0.00870393989078177,-0.9186766761601171,0.9798583984375,0.1612548828125,0.037096923011601175,-0.11135262071488294,0.97088623046875,0.218017578125,-0.04215120551578177,-0.08950203477738294,0.9792845863163671,0.05120849609375,-0.06678491292589883,-0.18404549180863294,0.97259521484375,-0.08457023084761706,0.06669897379285117,-0.20577400743363294
193,0.9759521484375,-0.100830078125,0.07635498046875,0.1773681640625,0.3160400390625,0.236572265625,-0.00860595703125,-0.918701171875,0.9798583984375,0.16122610034751253,0.037371887411162215,-0.11129934253501254,0.97088623046875,0.21804636058998747,-0.04193809279630016,-0.08950632152748746,0.97930908203125,0.051179713628762544,-0.06662507838628762,-0.18399221362876253,0.97259521484375,-0.0845947265625,0.06683002586747491,-0.2056919467887751
194,0.9759521484375,-0.100830078125,0.07631292949153427,0.17734713857389214,0.3160400390625,0.2365302146477843,-0.008542880565426417,-0.918701171875,0.9798583984375,0.16119384765625,0.03763970722721572,-0.11124606435514214,0.97088623046875,0.21807861328125,-0.0417039545882107,-0.08949652324153427,0.97930908203125,0.0511474609375,-0.06648626933528427,-0.18393893544889214,0.9726162403323578,-0.08455267558528427,0.06693658222721573,-0.2055853904290343
195,0.9759521484375,-0.100830078125,0.07623291015625,0.17730712890625,0.3160400390625,0.2364501953125,-0.0084228515625,-0.918701171875,0.9798583984375,0.16118057914402173,0.03779933763586957,-0.11121932319972826,0.97088623046875,0.21807861328125,-0.04150390625,-0.08941650390625,0.97930908203125,0.05117399796195652,-0.06637971297554347,-0.18389892578125,0.97265625,-0.08447265625,0.0670166015625,-0.20550537109375
196,0.9759576599733487,-0.10083558966084866,0.07621637554870402,0.17730161737040134,0.31604555059834866,0.236433660704954,-0.008406316954954012,-0.9187066834108487,0.9798583984375,0.1611328125,0.03813554132263797,-0.11125606677205267,0.9708807189329013,0.2181061709604933,-0.04148186010660535,-0.08940548083455267,0.9793145935670987,0.05128055432169733,-0.06625662200825669,-0.1838879027095527,0.9726617615358487,-0.08445612164245402,0.06703313617004598,-0.2054943480220527
197,0.976010938153219,-0.10088886784071906,0.07605654100909282,0.17724833919053093,0.31609882877821904,0.23627382616534282,-0.00824648241534281,-0.918759961590719,0.9798583984375,0.1611328125,0.03861504494147157,-0.11114951041231187,0.970827440753031,0.21837256185984533,-0.041268747387123744,-0.08929892447481187,0.979367871746969,0.05138711068143813,-0.06599023110890469,-0.18378134634981189,0.972715039715719,-0.08429628710284282,0.06719297070965718,-0.20538779166231189
198,0.97601318359375,-0.10084008054191053,0.0758967064694816,0.17719506101066054,0.3161521069580895,0.2361139916257316,-0.008188713354410534,-0.91876220703125,0.9798583984375,0.1611328125,0.03883938486360786,-0.11109398679191053,0.9708762280518395,0.21833275632316054,-0.0411066674069816,-0.08929443359375,0.9793701171875,0.051340568823160536,-0.0658259056882316,-0.18372582272941054,0.97271728515625,-0.08434058352058947,0.0673528052492684,-0.20528123530257106
199,0.97601318359375,-0.100830078125,0.07586669921875,0.17718505859375,0.316162109375,0.23599743284908026,-0.008135435174540132,-0.9188054827942098,0.9798583984375,0.16104626097408026,0.039095773346049335,-0.111083984375,0.97088623046875,0.21836602966920987,-0.0409468328673704,-0.08929443359375,0.9794133929504598,0.05133056640625,-0.0656660711486204,-0.1837158203125,0.97271728515625,-0.08426403441158027,0.06746936402591973,-0.20521795470579013
200,0.97601318359375,-0.100830078125,0.0757601428590092,0.17714953980716974,0.316162109375,0.23581983891617894,-0.008046638208089464,-0.9188587609740803,0.9798583984375,0.1610107421875,0.0392911266722408,-0.11104846558841973,0.97088623046875,0.2183837890625,-0.0407869983277592,-0.08929443359375,0.97943115234375,0.05133056640625,-0.0655062366090092,-0.18368030152591974,0.97271728515625,-0.08426403441158027,0.06757592038566053,-0.20516467652591974
201,0.97601318359375,-0.100830078125,0.07568359375,0.1771240234375,0.316162109375,0.2357177734375,-0.00799560546875,-0.91888427734375,0.9798583984375,0.1608996949466973,0.03947872302205268,-0.11105071102895067,0.97088623046875,0.21835602725229933,-0.04062716378814799,-0.08926667178354933,0.97943115234375,0.05133056640625,-0.06534640206939799,-0.18362702334604933,0.97271728515625,-0.08426178897104933,0.06768247674540134,-0.20511139834604933
202,0.976033188427571,-0.10085008295882107,0.07562357924853678,0.1771240234375,0.316162109375,0.23561774926839466,-0.007935590967286786,-0.918904282177571,0.9798583984375,0.16078660639632106,0.039671830907713215,-0.111083984375,0.97088623046875,0.21836276357389214,-0.04042731958089464,-0.0892333984375,0.97943115234375,0.05135057124007107,-0.06518656752978678,-0.18359375,0.97271728515625,-0.08418850595735786,0.06778903310514214,-0.20505812016617894
203,0.97607421875,-0.10089111328125,0.07550048828125,0.1771240234375,0.316162109375,0.23541259765625,-0.0078125,-0.9189453125,0.9798583984375,0.16082763671875,0.03986840901964883,-0.11107173651755853,0.97088623046875,0.21844482421875,-0.04022216796875,-0.0892333984375,0.9794434002011915,0.05140384941994147,-0.06505122870505853,-0.18359375,0.97271728515625,-0.0841064453125,0.06787109375,-0.20501708984375
204,0.97607421875,-0.10089111328125,0.07549150651912626,0.17711953255643811,0.316162109375,0.23539912501306437,-0.007794536475752508,-0.9189498033810619,0.9798583984375,0.16081416407556437,0.040179096336747495,-0.11102294921875,0.9708907213498119,0.2184268606945025,-0.040204204444502505,-0.0892333984375,0.9794921875,0.05144814583768813,-0.06497998700094064,-0.18358925911893811,0.97271728515625,-0.08410195443143813,0.06788456639318562,-0.20501259896268811
205,0.97607421875,-0.10089111328125,0.07538495015938546,0.17706625437656773,0.316162109375,0.23523929047345318,-0.007581423756270905,-0.9190030815609322,0.9798583984375,0.16065432953595318,0.040392209056229096,-0.11102294921875,0.9709439995296822,0.2182137479750209,-0.039991091725020904,-0.0892333984375,0.9794921875,0.05139486765781773,-0.06471359610158862,-0.18353598093906773,0.97271728515625,-0.08404867625156773,0.06804440093279682,-0.20495932078281773
206,0.97607421875,-0.10094112536580267,0.07522838171509197,0.17706298828125,0.316162109375,0.23512946801839466,-0.007468335205894648,-0.91900634765625,0.9798583984375,0.1606945433345527,0.04055530969115803,-0.11107296130330267,0.970947265625,0.2182506956783027,-0.03982799109009197,-0.0892333984375,0.9794921875,0.05144161364705268,-0.06454722937134197,-0.1834827027591973,0.97271728515625,-0.08399539807169733,0.06820423547240803,-0.2049060426029473
207,0.97607421875,-0.1009521484375,0.0751953125,0.17706298828125,0.3161198542668269,0.23498065655048075,-0.007361778846153845,-0.9190486027644231,0.9798583984375,0.16053654597355768,0.04071514423076923,-0.11104172926682693,0.970947265625,0.21817720853365385,-0.039794921875,-0.0892333984375,0.9794921875,0.05141038161057692,-0.06451416015625,-0.18351393479567307,0.97271728515625,-0.08406888521634616,0.0682373046875,-0.20493727463942307
208,0.97607421875,-0.10102114470108696,0.07505731997282608,0.17706298828125,0.31610107421875,0.23478632387907608,-0.007151728091032609,-0.9191363790760869,0.9798583984375,0.16056492017663043,0.04090947690217391,-0.11102294921875,0.970947265625,0.2181741465692935,-0.039553434952445655,-0.08926789656929347,0.9795266856317935,0.05146059782608696,-0.06437616762907608,-0.1834982167119565,0.97271728515625,-0.08407194718070653,0.06840979534646739,-0.20488705842391305
209,0.97607421875,-0.10107421875,0.074951171875,0.17706298828125,0.31610107421875,0.23468017578125,-0.00701904296875,-0.919189453125,0.9798583984375,0.16061779009458613,0.0411493307770694,-0.11102294921875,0.970947265625,0.21820068359375,-0.03936767578125,-0.08929443359375,0.97955322265625,0.05148693071958612,-0.06418979606500837,-0.1834716796875,0.97271728515625,-0.08404541015625,0.06854248046875,-0.204833984375
210,0.97607421875,-0.10109320292903429,0.07489421933789715,0.17706298828125,0.31610107421875,0.23462322324414717,-0.006924122073578592,-0.9192084373040342,0.9798583984375,0.1605645119147157,0.041491658392558535,-0.11104193339778429,0.970947265625,0.2182196677727843,-0.03927275488607859,-0.08929443359375,0.97955322265625,0.05147162089778428,-0.06402996152539715,-0.1834716796875,0.97271728515625,-0.08404541015625,0.06861841718488712,-0.204833984375
211,0.97607421875,-0.10114648110890469,0.07472315759563126,0.17706298828125,0.31610107421875,0.23446338870453595,-0.006691412782190635,-0.91925048828125,0.9798471712348453,0.16053368814015467,0.04191502599811873,-0.111083984375,0.970947265625,0.21827294595265467,-0.03901759118938127,-0.08929443359375,0.97955322265625,0.05149121746969063,-0.06384767258047659,-0.1834716796875,0.97271728515625,-0.08403418295359531,0.06883152990436874,-0.20482275717234533
212,0.97607421875,-0.1011962890625,0.07452392578125,0.17706298828125,0.31609760399247494,0.2343104946174749,-0.00658138619617475,-0.9192539585075251,0.9798008335075251,0.16057308541492474,0.04211772803877508,-0.111083984375,0.9709507358512751,0.21831581345369983,-0.03881141892244983,-0.08929790382002509,0.97955322265625,0.0513916015625,-0.0635986328125,-0.1834716796875,0.97271728515625,-0.08399478567882525,0.06903770217130016,-0.20477294921875
213,0.97607421875,-0.1011962890625,0.07452392578125,0.17706298828125,0.3160443258126045,0.23425721643760453,-0.006421551656563548,-0.9193072366873954,0.9798541116873954,0.16041325087531355,0.04217100621864549,-0.111083984375,0.9710040140311454,0.21820925709395902,-0.03870486256270903,-0.08935118199989549,0.97955322265625,0.0513916015625,-0.0635986328125,-0.1834716796875,0.97271728515625,-0.08415462021843645,0.06914425853104098,-0.20477294921875
214,0.9761232101797659,-0.10129427192203178,0.07437695149195234,0.17706298828125,0.3160400390625,0.23415494682796822,-0.00626171711695234,-0.9193115234375,0.9798094070077341,0.16049837348453178,0.042322267258047656,-0.11103499294523411,0.9709593093514841,0.21829866645328178,-0.038549314773202344,-0.08935546875,0.9796022140860159,0.05144059299226589,-0.06335367566367056,-0.1835206711172659,0.97271728515625,-0.08406949760921822,0.06929980632054766,-0.2047239577889841
215,0.97613525390625,-0.101318359375,0.0743408203125,0.17706298828125,0.3159988046091137,0.23404839046822742,-0.006101882577341137,-0.9193527578908863,0.97979736328125,0.16043999203072742,0.042482101797658864,-0.11106418367213629,0.9709885000783863,0.21819905054609115,-0.03847194914036371,-0.08939670320338629,0.9796142578125,0.05141140226536371,-0.06321098812447742,-0.18349148039036373,0.9726760507028637,-0.08416911351640886,0.0693359375,-0.20475314851588627
216,0.97613525390625,-0.10138531432901338,0.07420691040447325,0.17706298828125,0.31597900390625,0.23390835663147994,-0.005942048037729935,-0.9194060360707567,0.97979736328125,0.16046734557901338,0.04267541381427675,-0.111083984375,0.97100830078125,0.21820660339151338,-0.03825128357545987,-0.08944998138325669,0.9796142578125,0.051458556516513376,-0.06303747681072325,-0.1834716796875,0.97265625,-0.08416156067098662,0.06946984740802675,-0.2047394717417433
217,0.97613525390625,-0.1014404296875,0.0740966796875,0.17706298828125,0.31597900390625,0.2337999630931229,-0.00580793399874582,-0.91943359375,0.97979736328125,0.16044529943561872,0.04286280603313127,-0.111083984375,0.97100830078125,0.21826171875,-0.0380859375,-0.0894775390625,0.9796142578125,0.05148795137437291,-0.06285008459186874,-0.1834974001881271,0.97265625,-0.08408072481187291,0.06955435762437291,-0.20476335506375418
218,0.97613525390625,-0.10145839321174749,0.07404278911475752,0.17706298828125,0.31597900390625,0.23369279434051002,-0.005683414114757524,-0.919469520798495,0.97979736328125,0.1603213919445025,0.04313042171822743,-0.111083984375,0.97100830078125,0.2182796822742475,-0.03797815635451505,-0.0894775390625,0.9796142578125,0.051470600242997495,-0.06269025005225752,-0.18353271484375,0.97265625,-0.08402744663200251,0.06959089706573997,-0.204833984375
219,0.97613525390625,-0.10150146484375,0.07388295457514632,0.17706298828125,0.31597900390625,0.23348988816889632,-0.005533786123014214,-0.9195556640625,0.97979736328125,0.1602885268603679,0.04354868604985368,-0.111083984375,0.97100830078125,0.21832275390625,-0.03768910691889632,-0.0894775390625,0.9796244643603679,0.051513671875,-0.06251000241691053,-0.1835225082958821,0.97265625,-0.083984375,0.06979380323735368,-0.2048237778271321
220,0.97613525390625,-0.10150146484375,0.07373046875,0.17706298828125,0.31597900390625,0.2333349527722617,-0.00543212890625,-0.9195556640625,0.97979736328125,0.1603369058972617,0.04371586930392976,-0.11108153480351171,0.97100830078125,0.2183203043347617,-0.037531721950773415,-0.0894775390625,0.97967529296875,0.051513671875,-0.062255859375,-0.1834716796875,0.97265625,-0.08398192542851171,0.06994873863398829,-0.20477294921875
221,0.97613525390625,-0.10150146484375,0.07373046875,0.17706298828125,0.31597900390625,0.2332816745923913,-0.00543212890625,-0.9195556640625,0.97979736328125,0.1602836277173913,0.044035538383152176,-0.1110282566236413,0.97100830078125,0.2182670261548913,-0.03742516559103261,-0.0894775390625,0.97967529296875,0.051513671875,-0.062255859375,-0.1834716796875,0.97265625,-0.0839286472486413,0.0700020168138587,-0.20477294921875
222,0.97613525390625,-0.1014534940687709,0.07363452720004181,0.17706298828125,0.31597900390625,0.2331804256375418,-0.00543212890625,-0.9196036348374791,0.97979736328125,0.1602303495375209,0.04416332436245819,-0.1110709199937291,0.97100830078125,0.2182137479750209,-0.03731860923129181,-0.0894775390625,0.97967529296875,0.051465701100020904,-0.06201600550010451,-0.1834237089125209,0.97265625,-0.0839713106187291,0.07010326576870819,-0.20477294921875
223,0.97613525390625,-0.1014404296875,0.0736083984375,0.17706298828125,0.31597900390625,0.2331140830764005,-0.00543212890625,-0.91961669921875,0.97979736328125,0.16021728515625,0.04439052211799749,-0.1110437705764005,0.97100830078125,0.2182408973923495,-0.037171839072951504,-0.0894775390625,0.97967529296875,0.051492850517349496,-0.061830042197951504,-0.18341064453125,0.97265625,-0.0839441612014005,0.0701696083298495,-0.20477294921875
224,0.9761677107284699,-0.1014079728652801,0.0735110279708403,0.1770305314590301,0.3160439175506898,0.2329958912520903,-0.005399672084030101,-0.91961669921875,0.97979736328125,0.1601848283340301,0.044591999372909696,-0.1109904923965301,0.9710407576034699,0.2181968051055602,-0.03688217724446071,-0.0894450822402801,0.9797077497909699,0.051481215052780104,-0.061670207658340304,-0.1833781877090301,0.97265625,-0.0839557966659699,0.0702878001541597,-0.2047080355743102
225,0.9761962890625,-0.10137939453125,0.07342529296875,0.177001953125,0.3160763743729097,0.2328607565583194,-0.0053463939041597,-0.9196413990645903,0.97979736328125,0.1601068503083194,0.0447765337583612,-0.1109619140625,0.9710693359375,0.2181396484375,-0.03668212890625,-0.08941650390625,0.979736328125,0.051427936872909696,-0.061510373118729096,-0.1833249095291597,0.97265625,-0.083984375,0.0703982350020903,-0.2046261790604097
226,0.9761962890625,-0.10137939453125,0.07339140722982859,0.177001953125,0.3160230961930393,0.23272031445965718,-0.005293115724289298,-0.9197116201139214,0.97979736328125,0.1600002939485786,0.045023532216764216,-0.1109619140625,0.9710862788069607,0.2180888198291179,-0.03661435742840719,-0.08941650390625,0.979736328125,0.0513916015625,-0.06136748144857859,-0.18328857421875,0.97265625,-0.083984375,0.07048539892088211,-0.20458984375
227,0.9761962890625,-0.10137939453125,0.07328485087008779,0.177001953125,0.31597900390625,0.2325255735263378,-0.005239837544418897,-0.9197998046875,0.97979736328125,0.159912109375,0.04530645772366221,-0.1109619140625,0.97113037109375,0.2179657288618311,-0.03641961649508779,-0.0894256897993311,0.9797455140180811,0.0513916015625,-0.06122418151651338,-0.1832793883256689,0.97265625,-0.083984375,0.07063604756741221,-0.2045806578569189
228,0.9761962890625,-0.10137939453125,0.07318115234375,0.177001953125,0.3159775749895485,0.2324204460832985,-0.005185130447846992,-0.9197998046875,0.97979736328125,0.1599106804582985,0.04541587191680602,-0.1109619140625,0.97113037109375,0.2180161492082985,-0.03630877338524248,-0.0894761101457985,0.97979736328125,0.0513916015625,-0.0609130859375,-0.1832275390625,0.97265625,-0.0839858039167015,0.07074403284385451,-0.204525950760347
229,0.9761962890625,-0.10137939453125,0.07318115234375,0.177001953125,0.3159242968096781,0.2323671679034281,-0.005078574088106187,-0.9197998046875,0.97979736328125,0.1598574022784281,0.045628984636287624,-0.1109619140625,0.97113037109375,0.2179628710284281,-0.036042382485890465,-0.0894228319659281,0.97979736328125,0.0513916015625,-0.0609130859375,-0.1832275390625,0.97265625,-0.0840390820965719,0.07090386738346571,-0.2044193944006062
230,0.9761962890625,-0.1013324444110577,0.07308725210336539,0.177001953125,0.31591796875,0.2322669396033654,-0.00506591796875,-0.9198467548076923,0.97979736328125,0.15980412409855768,0.045748197115384616,-0.1109619140625,0.97113037109375,0.21795654296875,-0.035916841947115384,-0.0894634540264423,0.9798443134014423,0.051344651442307696,-0.060678335336538464,-0.18318058894230768,0.97265625,-0.0840923602764423,0.07101675180288461,-0.20440673828125
231,0.9761962890625,-0.101318359375,0.07305908203125,0.177001953125,0.31587877560618727,0.2321603832436246,-0.00502672482493729,-0.9199000329875627,0.97979736328125,0.1597116527748746,0.04601152605037626,-0.1109227209186873,0.9711695642375627,0.21783896353731186,-0.03577109244356187,-0.0894775390625,0.9798583984375,0.05121298697481187,-0.06052952386862458,-0.18316650390625,0.97265625,-0.0841456384563127,0.0710841150188127,-0.20440673828125
232,0.9761962890625,-0.1012869232075669,0.07299620969638378,0.177001953125,0.3158883697611831,0.2320538268838838,-0.0050048828125,-0.919921875,0.97979736328125,0.15963653258256688,0.046205450459866224,-0.1109323150736831,0.9712228424174331,0.2177105651651338,-0.03554838556908445,-0.0894775390625,0.9798583984375,0.05111602477006689,-0.060422967508883776,-0.18316650390625,0.9726248138325669,-0.0841989166361831,0.07116882936611622,-0.20437530211381688
233,0.9761962890625,-0.10125732421875,0.07293701171875,0.177001953125,0.31591796875,0.2319709497151965,-0.004957524430392975,-0.919921875,0.97979736328125,0.15955957521164296,0.04640672358382108,-0.1109619140625,0.97125244140625,0.2176513671875,-0.035400390625,-0.0894775390625,0.9798583984375,0.051015388208089464,-0.06034009034019649,-0.1831428247151965,0.97259521484375,-0.084228515625,0.07129906491691054,-0.2043693823160535
234,0.9761962890625,-0.10127324643342392,0.07290516728940218,0.17701787533967392,0.3159020465353261,0.23191767153532608,-0.004835045855978257,-0.919937797214674,0.97979736328125,0.15950078549592392,0.04666270380434783,-0.11097783627717392,0.97125244140625,0.21763544497282608,-0.035336701766304345,-0.08949346127717392,0.9798583984375,0.05091924252717391,-0.06027088994565217,-0.18312139096467392,0.972579292629076,-0.08424443783967392,0.07145889945652174,-0.20443858271059784
235,0.9761962890625,-0.101318359375,0.07279861092966138,0.17707931875783864,0.3158406031171614,0.23185622811716136,-0.004691541792955684,-0.9199910753945443,0.97979736328125,0.15952140272261706,0.046801921117265895,-0.11103927969533862,0.97125244140625,0.2175984972695443,-0.03513991952341137,-0.08955490469533862,0.9798583984375,0.05094802499216137,-0.060139837871028425,-0.18318283438283864,0.9725341796875,-0.08428955078125,0.07161873399613294,-0.20454513907033864
236,0.9761962890625,-0.101318359375,0.07269287109375,0.17718505859375,0.3157352715431647,0.23175048828125,-0.004638263613085284,-0.9200439453125,0.97979736328125,0.15936197644492056,0.047120773672658864,-0.11114501953125,0.97125244140625,0.21765014240175584,-0.03503295490175585,-0.08966064453125,0.9798583984375,0.05084228515625,-0.05987548828125,-0.18328857421875,0.9725337714255853,-0.08428995904316472,0.07177775201191472,-0.20465169543007944
237,0.9761962890625,-0.101318359375,0.07269287109375,0.17718505859375,0.3157885497230351,0.23175048828125,-0.004584985433214881,-0.9200439453125,0.97979736328125,0.15925542008517976,0.04733388639214047,-0.11114501953125,0.97125244140625,0.21749030786214466,-0.03487312036214464,-0.08966064453125,0.9798583984375,0.05084228515625,-0.05987548828125,-0.18328857421875,0.9724804932457148,-0.08434323722303512,0.07183103019178512,-0.20475825178982024
238,0.9761962890625,-0.101318359375,0.07260101216293896,0.17727691752456104,0.3157499689720945,0.23165862935043896,-0.00453170725334448,-0.9200898747779055,0.9797514338158445,0.15924072265625,0.04745514018081104,-0.11123687846206104,0.9712983708716555,0.21733047332253344,-0.03466735635712792,-0.08975250346206104,0.9798583984375,0.05075042622543896,-0.05969177041962792,-0.18333450368415552,0.97247314453125,-0.0843505859375,0.07197616730246656,-0.20481887868415552
239,0.9761962890625,-0.101318359375,0.07257080078125,0.17730712890625,0.31577303577027593,0.23162841796875,-0.004478429073474079,-0.9200668079797241,0.9797745006140259,0.15912620518917223,0.04771438649665552,-0.11126708984375,0.9713134765625,0.21728515625,-0.03460693359375,-0.08978271484375,0.9798583984375,0.05072021484375,-0.05963134765625,-0.183349609375,0.9724349720422241,-0.08442693091555184,0.07205965686402592,-0.20491032935305184
240,0.9761962890625,-0.101318359375,0.07250996975595736,0.17736795993154264,0.31573506741220736,0.23156758694345736,-0.00445556640625,-0.9200743608251464,0.9797669477686036,0.15908803270014632,0.04791239352529265,-0.11132792086904264,0.9713438920751464,0.21719390971206104,-0.03448527154316471,-0.08987396138168896,0.9798583984375,0.05062896830581103,-0.05950968560566471,-0.18341044040029264,0.9723816938623536,-0.08447265625,0.07214335055654264,-0.20501688571279264
241,0.9761962890625,-0.101318359375,0.07244873046875,0.17742919921875,0.3156964866612667,0.23152900619251673,-0.004478224942516724,-0.92010498046875,0.979736328125,0.15905067673494983,0.048064266957566895,-0.11136650161998328,0.97137451171875,0.21710205078125,-0.03436279296875,-0.0899658203125,0.9798583984375,0.050537109375,-0.05938720703125,-0.1834716796875,0.97235107421875,-0.08451797332253345,0.07224990691628345,-0.20512344207253344
242,0.9761813875026129,-0.101318359375,0.07243382890886288,0.17745900233852424,0.31570506016147576,0.23155248125261288,-0.0045166015625,-0.9201198820286371,0.979736328125,0.15895044843488712,0.04823267499738713,-0.11137282967966138,0.97137451171875,0.21708714922136288,-0.03428828516931438,-0.08999562343227425,0.9798583984375,0.05050730625522575,-0.05935740391147575,-0.18348658124738712,0.9723361726588629,-0.0845947265625,0.07235646327602425,-0.20521509687238712
243,0.97613525390625,-0.10131121479149248,0.07237340614548494,0.17756555869826504,0.31560564838524247,0.23149920307274247,-0.004530890729515052,-0.920166015625,0.979736328125,0.15898229286423496,0.04833596526181021,-0.11151837505225752,0.97137451171875,0.21703387104149247,-0.034029038853469896,-0.09010217979201506,0.9798655430210075,0.05040074989548495,-0.05922941380121237,-0.18353985942725753,0.9722900390625,-0.0845947265625,0.07247016421927258,-0.20528266421927258
244,0.97613525390625,-0.10125793661162208,0.07226684978574414,0.17767211505800584,0.3155523702053721,0.23144592489287208,-0.004637447089255853,-0.920166015625,0.979736328125,0.15887573650449416,0.048762190700773415,-0.11157165323212792,0.97137451171875,0.21698059286162208,-0.033815926133988296,-0.09020873615175586,0.9799188212008779,0.050294193535744144,-0.05896302290186037,-0.18359313760712792,0.9722900390625,-0.0845947265625,0.07262999875888378,-0.2054424987588838
245,0.97613525390625,-0.10125732421875,0.072265625,0.17767333984375,0.3155517578125,0.2314453125,-0.004638671875,-0.920166015625,0.979736328125,0.15887451171875,0.04876708984375,-0.111572265625,0.97137451171875,0.21697998046875,-0.0338134765625,-0.0902099609375,0.97991943359375,0.05029296875,-0.0589599609375,-0.18359375,0.9722900390625,-0.0845947265625,0.0726318359375,-0.2054443359375
246,0.9761801627168687,-0.10121241540813126,0.07217580737876254,0.17767333984375,0.31559666662311875,0.23135549487876253,-0.00468358068561873,-0.9202109244356187,0.979736328125,0.1587397852868938,0.04917126913931857,-0.111572265625,0.97137451171875,0.21693507165813128,-0.03354402369878762,-0.0902099609375,0.97991943359375,0.05020315112876254,-0.05878032569502508,-0.18354884118938128,0.9722451302518813,-0.08454981775188126,0.07276656236935619,-0.2054443359375
247,0.9761962890625,-0.1011962890625,0.0721435546875,0.17767333984375,0.31561279296875,0.23128609035326086,-0.004774010699728262,-0.92022705078125,0.979736328125,0.15869140625,0.049502165421195655,-0.11149796195652174,0.97137451171875,0.2169189453125,-0.033447265625,-0.0902099609375,0.97991943359375,0.0501708984375,-0.0587158203125,-0.18353271484375,0.97222900390625,-0.08453369140625,0.07281494140625,-0.20540718410326086
248,0.9761962890625,-0.10113749934678093,0.07211415982964046,0.17767333984375,0.31561279296875,0.23120341731553093,-0.004851172201609533,-0.92022705078125,0.979736328125,0.15863261653428093,0.049650976889109535,-0.1114501953125,0.9714039065766096,0.21688955045464048,-0.03332968619356187,-0.09018056607964046,0.9799488284516096,0.050141503579640465,-0.0586276357389214,-0.18353271484375,0.97222900390625,-0.08459248112196907,0.07284433626410954,-0.20538330078125
249,0.9761962890625,-0.10107421875,0.07208251953125,0.17767333984375,0.3155911550872701,0.23111849883727006,-0.004861174618520065,-0.9202486886627299,0.979736328125,0.15854769805602006,0.04979080659489967,-0.11147183319397994,0.971435546875,0.21685791015625,-0.033203125,-0.09014892578125,0.97998046875,0.05010986328125,-0.05853271484375,-0.18353271484375,0.97222900390625,-0.08465576171875,0.07289761444397994,-0.20538330078125
250,0.9761962890625,-0.10107421875,0.07206863862614966,0.17767333984375,0.3155517578125,0.23106522065739968,-0.004807896438649665,-0.9202880859375,0.979736328125,0.15850830078125,0.050001673873850336,-0.11151123046875,0.971435546875,0.21683014834604933,-0.03313372047449832,-0.09014892578125,0.97998046875,0.05010986328125,-0.05849107212844899,-0.18351883393864968,0.97222900390625,-0.08465576171875,0.07295089262385034,-0.20538330078125
251,0.9761962890625,-0.10108034267872074,0.072021484375,0.17767946377247074,0.31553950995505853,0.23101806640625,-0.004748494330058528,-0.9202942098662208,0.979736328125,0.15850217685252926,0.050085571697324416,-0.11151123046875,0.971435546875,0.21674808770119147,-0.03288570136130853,-0.09015504970997074,0.97998046875,0.050115987209970736,-0.05833123758883779,-0.18347780361622074,0.97222900390625,-0.08464351386130853,0.07300417080372074,-0.20538330078125
252,0.9761962890625,-0.10113362085859114,0.072021484375,0.17773274195234115,0.3154329535953177,0.23101806640625,-0.004641937970317726,-0.9203474880460911,0.979736328125,0.15844889867265885,0.050405240776546824,-0.11151123046875,0.971435546875,0.21685464406093227,-0.03277914500156773,-0.09020832788984114,0.97998046875,0.050169265389841136,-0.05817140304922659,-0.18353108179609115,0.97222900390625,-0.08453695750156773,0.07305744898359114,-0.20538330078125
253,0.9761962890625,-0.10113525390625,0.072021484375,0.177734375,0.3154296875,0.23101806640625,-0.004638671875,-0.92034912109375,0.979736328125,0.158447265625,0.0504150390625,-0.11151123046875,0.971435546875,0.21685791015625,-0.03277587890625,-0.0902099609375,0.97998046875,0.0501708984375,-0.05816650390625,-0.18353271484375,0.97222900390625,-0.08453369140625,0.07305908203125,-0.20538330078125
254,0.9761962890625,-0.10104747759458611,0.07210926068666389,0.17769048684416805,0.31547357565583195,0.23097417825041805,-0.004726448186663881,-0.92034912109375,0.979736328125,0.15835948931333613,0.05059059168582776,-0.11146734231291806,0.9714794350308319,0.21677013384458613,-0.03268810259458612,-0.09016607278166806,0.97998046875,0.05012701028166806,-0.05816650390625,-0.18344493853208613,0.97222900390625,-0.08457757956208194,0.07305908203125,-0.20533941262541805
255,0.9761962890625,-0.10101318359375,0.0721435546875,0.17767333984375,0.31549072265625,0.23092090007054766,-0.004688479828595317,-0.92034912109375,0.979736328125,0.1583251953125,0.05080370440530937,-0.11141406413304766,0.97149658203125,0.21673583984375,-0.03265380859375,-0.09014892578125,0.97998046875,0.05010986328125,-0.05816650390625,-0.18341064453125,0.97222900390625,-0.08463085774195234,0.07305908203125,-0.20528613444554766
256,0.9761962890625,-0.10104155779682274,0.07217192889057274,0.17767333984375,0.31549072265625,0.23092437029682275,-0.004638671875,-0.92034912109375,0.979736328125,0.15835356951557275,0.050874946109427256,-0.11136078595317726,0.97149658203125,0.21673583984375,-0.032625434390677256,-0.09009217737510451,0.97998046875,0.05016661168739549,-0.058138129703177256,-0.18338227032817725,0.9722573781093228,-0.08462738751567726,0.07303070782817726,-0.20526123046875
257,0.9761962890625,-0.10107421875,0.07220458984375,0.17767333984375,0.3154494882028637,0.2309157967966137,-0.004659289101693145,-0.9203697383204431,0.979736328125,0.15838623046875,0.05088351960963629,-0.11130750777330685,0.97149658203125,0.21673583984375,-0.0325927734375,-0.09002685546875,0.97998046875,0.05023193359375,-0.05810546875,-0.183349609375,0.9722900390625,-0.08467719546927258,0.07305989855507944,-0.2052199960153637
258,0.9761834288121864,-0.10111279950094064,0.07224317059469064,0.1776476193431229,0.31538151259406355,0.23088640193875418,-0.004686846780936454,-0.9203844357493729,0.979736328125,0.1584119509693771,0.050912914467495816,-0.11124136934312291,0.9714837217809364,0.21678728084500418,-0.032644214438754184,-0.08997541446749582,0.9799933290003136,0.05027051434469064,-0.05813118925062709,-0.18329816837374582,0.9722900390625,-0.08480028643655936,0.07312971134249582,-0.20512629990593645
259,0.97613525390625,-0.10129304713628763,0.07241321168216973,0.1775410629833821,0.31542458422606606,0.23110461793216974,-0.004618258779264214,-0.9202880859375,0.979736328125,0.15853381715091974,0.050684491926212376,-0.11112460643551421,0.9714253403271321,0.21702080666022158,-0.032862430432169736,-0.08976740502194816,0.98004150390625,0.050455865253971575,-0.058237745610367896,-0.18309015892819816,0.972295142336434,-0.08466086499268395,0.07293190844481605,-0.20505260863033026
260,0.97613525390625,-0.10166599439538045,0.07267960258152174,0.1774345066236413,0.3153713060461957,0.23137100883152176,-0.004405146059782604,-0.9202880859375,0.979736328125,0.15880020805027176,0.050311544667119554,-0.11091149371603261,0.9713187839673914,0.21744703209918478,-0.03312882133152174,-0.08960757048233696,0.98004150390625,0.05088209069293479,-0.058344301970108696,-0.18293032438858695,0.9723484205163043,-0.08471414317255435,0.07287863026494565,-0.20478621773097824
261,0.97613525390625,-0.1016845703125,0.07269287109375,0.17742919921875,0.31536865234375,0.23138427734375,-0.00439453125,-0.9202880859375,0.979736328125,0.1588134765625,0.05029296875,-0.11090087890625,0.9713134765625,0.21746826171875,-0.03314208984375,-0.089599609375,0.98004150390625,0.0509033203125,-0.058349609375,-0.18292236328125,0.97235107421875,-0.084716796875,0.0728759765625,-0.20477294921875
262,0.9760923864052049,-0.1020275103208612,0.07290720859897576,0.17730059671561454,0.31532578484270485,0.23151287984688546,-0.004137326243729095,-0.9202452184364549,0.979736328125,0.15911354906981606,0.04990716124059364,-0.11068654140102424,0.9712706090614549,0.2177254667250209,-0.03335642734897575,-0.08942813937081939,0.98004150390625,0.05111765781772575,-0.05856394688022575,-0.1827508932770694,0.9723939417197951,-0.0846310618729097,0.0727902415604097,-0.20464434671561454
263,0.97607421875,-0.1021728515625,0.072998046875,0.17724609375,0.3153076171875,0.2315673828125,-0.0040283203125,-0.92022705078125,0.979736328125,0.15924072265625,0.049673431294418896,-0.11063081364966555,0.97125244140625,0.21783447265625,-0.033447265625,-0.08935546875,0.98004150390625,0.05120849609375,-0.05865478515625,-0.18267822265625,0.972412109375,-0.0845947265625,0.07275390625,-0.20458984375
264,0.976046865201714,-0.10239167994878763,0.07321687526128763,0.17721874020171405,0.3152255565426421,0.23175885765050167,-0.0038641990227842806,-0.92022705078125,0.979708974576714,0.15943219749425167,0.049402753644962376,-0.11057467763639214,0.971225087857964,0.21802594749425167,-0.03363874046300167,-0.08927340810514214,0.980014150357964,0.05134526383517977,-0.05884625999425167,-0.18267822265625,0.972439462923286,-0.08445795882107024,0.07256243141199832,-0.20461719729828595
265,0.97601318359375,-0.1026611328125,0.073486328125,0.17718505859375,0.31510491514684363,0.23197503233434363,-0.00358372308737458,-0.92022705078125,0.97967529296875,0.1597071618938127,0.04915289735315635,-0.1104736328125,0.97119140625,0.21826171875,-0.03387451171875,-0.08917236328125,0.97998046875,0.051513671875,-0.05908203125,-0.18267822265625,0.97247314453125,-0.08426995420934365,0.07230706358434365,-0.20465087890625
266,0.9760013439982232,-0.10273217038566053,0.0735692052936873,0.17718505859375,0.31505163696697325,0.2320401501097408,-0.003394289558946488,-0.9202033715901965,0.97967529296875,0.15986107663566054,0.04911145876881271,-0.11046179321697325,0.9711677270589465,0.2183445959186873,-0.033945549291910536,-0.08916052368572325,0.97998046875,0.051572869852633776,-0.059141229227633776,-0.18266638306072325,0.9724849841267768,-0.0841456384563127,0.0721827478313127,-0.20466271850177675
267,0.9759521484375,-0.10302734375,0.07391357421875,0.17718505859375,0.31500244140625,0.2324747449179557,-0.0032836505800585294,-0.9201090630878972,0.9796712103496028,0.16017258047658864,0.04876708984375,-0.11040443241795568,0.9710693359375,0.21870121270119147,-0.03423255741795569,-0.08910724550585285,0.97998046875,0.05181884765625,-0.05938720703125,-0.1826171875,0.9725382623066472,-0.08378902167380853,0.07182613104880853,-0.2047119140625
268,0.9759521484375,-0.10302734375,0.07391357421875,0.17718505859375,0.31500244140625,0.2323681885582149,-0.003123816040447322,-0.9201623412677675,0.9796179321697325,0.16038569319607024,0.04876708984375,-0.11029787605821488,0.9710693359375,0.2188610472408027,-0.03412600105821488,-0.08905396732598245,0.97998046875,0.05181884765625,-0.05938720703125,-0.1826171875,0.9725915404865175,-0.08362918713419733,0.07166629650919733,-0.2047119140625
269,0.975902544614862,-0.10312655139527592,0.07431040479985368,0.17718505859375,0.31495283758361203,0.23275767042485368,-0.0032120006140259204,-0.9200668079797241,0.9796142578125,0.16044999444763797,0.04837025926264632,-0.11029052734375,0.971019732114862,0.21892167413513797,-0.03451548292485368,-0.08900068914611203,0.97998046875,0.05196765912416388,-0.05973443378971572,-0.18256758367736203,0.97259521484375,-0.08346935259458611,0.07130804667903427,-0.20476151788513797
270,0.9758492664349916,-0.10319126090875837,0.0747366302388169,0.17718505859375,0.31489955940374165,0.23318389586381688,-0.003193016434991639,-0.9199602516199833,0.9796142578125,0.1606706600125418,0.04798588066994147,-0.11020683365123328,0.97100830078125,0.21901679916126673,-0.03477432097878345,-0.08890556411998328,0.9799386219037416,0.05208564681751672,-0.06010738104880853,-0.18251430549749165,0.9726370616900084,-0.08330951805497491,0.07080955888116638,-0.20481479606500835
271,0.975830078125,-0.10321044921875,0.07489013671875,0.17718505859375,0.31488037109375,0.23333740234375,-0.003173828125,-0.919921875,0.9796142578125,0.1607666015625,0.0478515625,-0.11016845703125,0.97100830078125,0.21905517578125,-0.03485107421875,-0.0888671875,0.97991943359375,0.0521240234375,-0.06024169921875,-0.1824951171875,0.97265625,-0.083251953125,0.07061767578125,-0.204833984375
272,0.975830078125,-0.10323678211224917,0.07494280250574832,0.17718505859375,0.31488037109375,0.2334164010242475,-0.0030948294445025093,-0.919921875,0.9796142578125,0.16081926734949833,0.04793056118049749,-0.11014212413775083,0.97100830078125,0.21905517578125,-0.03482474132525084,-0.08884085460650083,0.97991943359375,0.05215035633099916,-0.06021536632525084,-0.1824951171875,0.97265625,-0.08314662155100334,0.07053867710075251,-0.204833984375
273,0.975830078125,-0.103271484375,0.07501220703125,0.17718505859375,0.31486179517663043,0.23350193189538043,-0.002953570822010869,-0.919921875,0.9796142578125,0.16085152004076086,0.048108971637228264,-0.110107421875,0.97100830078125,0.21905517578125,-0.0347900390625,-0.08880615234375,0.97991943359375,0.05218505859375,-0.0601806640625,-0.1824951171875,0.97265625,-0.08298923658288043,0.07045314622961957,-0.204833984375
274,0.975830078125,-0.10328230331573997,0.07502302597198997,0.17717423965301005,0.31483015487823995,0.23347029159698995,-0.0028578334030100335,-0.919921875,0.9796142578125,0.16077742050323995,0.04826798965301003,-0.11008578399352006,0.97100830078125,0.21906599472198995,-0.034768401181020064,-0.08879533340301003,0.97991943359375,0.05218505859375,-0.06016984512176003,-0.18248429824676005,0.97266706894074,-0.08293595840301003,0.07047396758727006,-0.20482316543426005
275,0.975830078125,-0.10333251953125,0.0750732421875,0.1771240234375,0.31487730912938966,0.23351438388377926,-0.002804555223139633,-0.9199249369643604,0.9796142578125,0.16082457475438963,0.04821471147313963,-0.10998841352686037,0.97100830078125,0.2191162109375,-0.034661844821279264,-0.08874205522313963,0.97991943359375,0.05218505859375,-0.06011962890625,-0.18243408203125,0.97271728515625,-0.08288268022313963,0.07037659712061037,-0.20477294921875
276,0.975830078125,-0.10333251953125,0.0750732421875,0.1771240234375,0.3148240309495192,0.23340782752403846,-0.0027512770432692305,-0.9199782151442307,0.9796142578125,0.16077129657451922,0.04816143329326923,-0.11004169170673077,0.97100830078125,0.2191162109375,-0.034555288461538464,-0.08868877704326923,0.97991943359375,0.05218505859375,-0.06011962890625,-0.18243408203125,0.97271728515625,-0.08282940204326923,0.07042987530048077,-0.20477294921875
277,0.975830078125,-0.10323535319554766,0.0750732421875,0.1771240234375,0.3148193359375,0.23334985433214883,-0.0027951651991011705,-0.91998291015625,0.9796142578125,0.16066943522679766,0.04815673828125,-0.11004638671875,0.97100830078125,0.21901904460179766,-0.0345458984375,-0.08868408203125,0.9799680167616012,0.05213647542589883,-0.06007104573839883,-0.18238549886339883,0.97271728515625,-0.08292187336695234,0.0704345703125,-0.20477294921875
278,0.975830078125,-0.10316962302727843,0.07503241599602843,0.1771240234375,0.3148193359375,0.23317409757786373,-0.0028484433789715716,-0.9200237363477216,0.9796142578125,0.16060370505852842,0.04819756447272157,-0.11004638671875,0.9710491269727216,0.21895331443352842,-0.034464246054556856,-0.08868408203125,0.97998046875,0.05216484962897157,-0.059976941367056856,-0.182373046875,0.97271728515625,-0.08290595115227843,0.07047539650397157,-0.20473212302727842
279,0.975830078125,-0.1031494140625,0.07501220703125,0.1771240234375,0.3148193359375,0.23309326171875,-0.00286865234375,-0.9200439453125,0.9796142578125,0.16058349609375,0.0482177734375,-0.11004638671875,0.9710693359375,0.21893310546875,-0.034423828125,-0.08868408203125,0.97998046875,0.05218505859375,-0.0599365234375,-0.182373046875,0.97271728515625,-0.0828857421875,0.07049560546875,-0.2047119140625
280,0.9758553903637124,-0.10309878958507525,0.07496158255382525,0.1771240234375,0.3148446481762124,0.23301732500261288,-0.002893964582462374,-0.9200439453125,0.9796395700512124,0.16053287161632526,0.04836964686977424,-0.11004638671875,0.9710693359375,0.21888248099132526,-0.03434789140886288,-0.08865876979253763,0.97998046875,0.052134434116325255,-0.05986058672136288,-0.18234773463628762,0.97271728515625,-0.0828857421875,0.07052091770746237,-0.20468660182378762
281,0.97589111328125,-0.10302734375,0.07489013671875,0.1771240234375,0.31488037109375,0.23291015625,-0.0029296875,-0.9200439453125,0.97967529296875,0.16042631525658446,0.04861909489966555,-0.11004638671875,0.9710693359375,0.21881103515625,-0.03424072265625,-0.088623046875,0.97998046875,0.05206298828125,-0.05975341796875,-0.18231201171875,0.97271728515625,-0.0828857421875,0.070556640625,-0.20465087890625
282,0.97589111328125,-0.10301754546404682,0.07487054014684365,0.1771240234375,0.31489016937970316,0.23289055967809363,-0.0029198892140468217,-0.9200439453125,0.97967529296875,0.16032955718279682,0.04872565125940636,-0.11004638671875,0.9710791342234532,0.21880123687029682,-0.034211327798390465,-0.08861324858904682,0.9799902670359532,0.052053189995296824,-0.059724023110890465,-0.18230221343279682,0.97271728515625,-0.0828857421875,0.07057623719690635,-0.20464108062029682
283,0.97589111328125,-0.10296630859375,0.07476806640625,0.1771240234375,0.3149393649404264,0.23279012724707357,-0.0028666110341764206,-0.9200439453125,0.97967529296875,0.16027423769335283,0.048838331547867896,-0.11004638671875,0.97113037109375,0.21874591738085283,-0.034051493258779264,-0.08856201171875,0.98004150390625,0.052001953125,-0.0595703125,-0.1822509765625,0.97271728515625,-0.0828857421875,0.07068279355664715,-0.20458576113085283
284,0.97589111328125,-0.10296630859375,0.07476806640625,0.1771240234375,0.314886086760556,0.23284340542694398,-0.0028133328543060183,-0.9200439453125,0.97967529296875,0.16016768133361203,0.04910472244721991,-0.11004638671875,0.97113037109375,0.21863936102111203,-0.03389165871916806,-0.08856201171875,0.98004150390625,0.052001953125,-0.0595703125,-0.1822509765625,0.97271728515625,-0.0828857421875,0.07078934991638797,-0.20447920477111203
285,0.97589111328125,-0.10296630859375,0.07467294138012123,0.1771240234375,0.31492793360681437,0.23275399606762123,-0.0027600546744356172,-0.9200915078255644,0.97967529296875,0.16015625,0.04922842580737877,-0.11004638671875,0.97113037109375,0.21867549220056437,-0.03377938669262123,-0.08856201171875,0.98004150390625,0.052001953125,-0.05933249993467809,-0.1822509765625,0.97271728515625,-0.0828857421875,0.07089590627612877,-0.2044677734375
286,0.97589111328125,-0.10296630859375,0.07452657948369565,0.1771240234375,0.31494140625,0.23260763417119565,-0.0025873598845108656,-0.92010498046875,0.97967529296875,0.16007663892663043,0.049414593240489135,-0.11008619225543478,0.97113037109375,0.21864915930706522,-0.0335136081861413,-0.08860181725543478,0.9800813094429348,0.051962147588315216,-0.0590263034986413,-0.18221117102581522,0.97271728515625,-0.08296535326086957,0.07112187924592392,-0.20438816236413043
287,0.97589111328125,-0.10296630859375,0.074462890625,0.1771240234375,0.31494140625,0.2325439453125,-0.00250244140625,-0.92010498046875,0.97967529296875,0.1600341796875,0.04949951171875,-0.110107421875,0.97113037109375,0.2186279296875,-0.03338623046875,-0.088623046875,0.9801025390625,0.05194091796875,-0.05889892578125,-0.18218994140625,0.97271728515625,-0.0830078125,0.07122802734375,-0.204345703125
288,0.9759154048651756,-0.10294201700982442,0.07439001587322323,0.17709973185357442,0.31494140625,0.23244677897679766,-0.002453858238398826,-0.9201292720526756,0.97967529296875,0.15993701335179766,0.049645261222303526,-0.11008313029107442,0.9711546626776756,0.21857934651964883,-0.033240480965196474,-0.08859875529107442,0.9801268306464256,0.051916626384824416,-0.05872888469377089,-0.18211706665447325,0.97271728515625,-0.08305639566785117,0.07132519367945235,-0.20427282837322325
289,0.9759521484375,-0.1029052734375,0.07427978515625,0.17706298828125,0.31494140625,0.2322998046875,-0.00238037109375,-0.920166015625,0.979691827576296,0.15974043523986203,0.04988225726379599,-0.11006292132629598,0.97119140625,0.218505859375,-0.03302001953125,-0.08856201171875,0.98016357421875,0.0518798828125,-0.0584716796875,-0.1820068359375,0.97271728515625,-0.0831298828125,0.07147216796875,-0.20416259765625
290,0.9759521484375,-0.10288771817516722,0.07427100752508362,0.17706298828125,0.31494140625,0.23228224942516723,-0.00238037109375,-0.9201747932561664,0.979736328125,0.15958937833141723,0.04993553544366639,-0.110107421875,0.9712001838811664,0.21848830411266723,-0.03298490900658445,-0.08856201171875,0.98016357421875,0.051862327550167224,-0.05844534679400083,-0.18199805830633362,0.97271728515625,-0.08316499333716555,0.07148972323108278,-0.20414504239391723
291,0.9759521484375,-0.102783203125,0.07421875,0.17706298828125,0.31494140625,0.232177734375,-0.00238037109375,-0.92022705078125,0.979736328125,0.15948282197167643,0.04999187558789716,-0.110107421875,0.97125244140625,0.2183837890625,-0.032773837596676424,-0.08856099106396322,0.98016357421875,0.0517578125,-0.05828857421875,-0.18194580078125,0.9727183058110368,-0.08337300278271322,0.07159627959082358,-0.20403848603417643
292,0.9759521484375,-0.102783203125,0.07421875,0.17706298828125,0.31494140625,0.232177734375,-0.00238037109375,-0.92022705078125,0.979736328125,0.1593762656119356,0.05020498830737877,-0.110107421875,0.97125244140625,0.2183837890625,-0.032667281236935616,-0.0885077128840928,0.98016357421875,0.0517578125,-0.05828857421875,-0.18194580078125,0.9727715839909072,-0.0833197246028428,0.07170283595056438,-0.2039319296744356
293,0.9759521484375,-0.1027366612667224,0.07407912442516722,0.17706298828125,0.31498794810827757,0.23199156694188963,-0.00238037109375,-0.9202735926395276,0.979736328125,0.1593162511104724,0.050371559168582776,-0.110107421875,0.97125244140625,0.2183372472042224,-0.032514183018917224,-0.0885475184207776,0.9802101160770276,0.05171127064172241,-0.058102406785639625,-0.1818992589229724,0.9727317784542224,-0.0833595301395276,0.07185593416858278,-0.20391845703125
294,0.975990933319398,-0.102683383086852,0.07391928988555602,0.17706298828125,0.31500244140625,0.231856023986204,-0.002302801329954012,-0.9202880859375,0.979736328125,0.159224188048704,0.05068653323578596,-0.110146206756898,0.971291226288148,0.218245184142454,-0.03227677871551003,-0.08856201171875,0.980224609375,0.05165799246185201,-0.05792807894805602,-0.181884765625,0.97271728515625,-0.08345159320129598,0.07201576870819398,-0.203840887267454
295,0.97601318359375,-0.1026611328125,0.0738525390625,0.17706298828125,0.31500244140625,0.2318115234375,-0.00225830078125,-0.9202880859375,0.979736328125,0.1591796875,0.05084228515625,-0.11016845703125,0.9713134765625,0.21820068359375,-0.03216552734375,-0.08856201171875,0.980224609375,0.05157368637646321,-0.05779927231396321,-0.181884765625,0.97271728515625,-0.08349609375,0.07208251953125,-0.20379638671875
296,0.97601318359375,-0.1026378618833612,0.0738059972042224,0.17708625921038879,0.3149791704771112,0.2317649815792224,-0.0022350298521112027,-0.9203113568666388,0.979736328125,0.1591331456417224,0.05100518166022158,-0.1101917279603888,0.9713134765625,0.21817741266461121,-0.03204917269805601,-0.0885852826478888,0.980224609375,0.0514904009458612,-0.05762290316680601,-0.181884765625,0.97271728515625,-0.0835426356082776,0.0721523323186664,-0.20379638671875
297,0.97601318359375,-0.10260009765625,0.07373046875,0.1771240234375,0.31494140625,0.231689453125,-0.002197265625,-0.92034912109375,0.979736328125,0.1590576171875,0.05126953125,-0.1102294921875,0.9713134765625,0.2181396484375,-0.0318603515625,-0.088623046875,0.980224609375,0.05145263671875,-0.05743408203125,-0.181884765625,0.97271728515625,-0.0836181640625,0.072265625,-0.20379638671875
298,0.97601318359375,-0.1026078546326296,0.0737071978208612,0.1771240234375,0.3149491632263796,0.23168169614862041,-0.0021739946958612027,-0.92034912109375,0.9797285711486204,0.15904986021112041,0.05131607310827759,-0.1102294921875,0.9713134765625,0.2181396484375,-0.031821566680602,-0.088623046875,0.9802323663513796,0.05145263671875,-0.057395297149352,-0.18187700864862041,0.97271728515625,-0.0836104070861204,0.0722966529055184,-0.20378862974237041
299,0.97601318359375,-0.1026611328125,0.07354736328125,0.1771240234375,0.31500244140625,0.23162841796875,-0.00201416015625,-0.92034912109375,0.97967529296875,0.15899658203125,0.0516357421875,-0.1102294921875,0.9713134765625,0.2181396484375,-0.03155517578125,-0.088623046875,0.98028564453125,0.05145263671875,-0.05712890625,-0.18182373046875,0.97271728515625,-0.08355712890625,0.072509765625,-0.2037353515625
