timestep,imu0_w,imu0_x,imu0_y,imu0_z,imu1_w,imu1_x,imu1_y,imu1_z,imu2_w,imu2_x,imu2_y,imu2_z,imu3_w,imu3_x,imu3_y,imu3_z,imu4_w,imu4_x,imu4_y,imu4_z,imu5_w,imu5_x,imu5_y,imu5_z
0,0.742431640625,0.09954833984375,-0.60406494140625,-0.271728515625,0.9246826171875,0.306884765625,0.03082275390625,-0.2230224609375,-0.40667724609375,-0.3392333984375,0.83526611328125,-0.1478271484375,-0.28192138671875,-0.16259765625,0.8316650390625,-0.44970703125,-0.177001953125,-0.1572265625,0.911376953125,-0.33648681640625,-0.168701171875,-0.07470703125,0.86480712890625,-0.46685791015625
1,0.7426308724393813,0.09929930007577341,-0.6038657095918687,-0.2717783235785953,0.9244833853731187,0.3074326531145485,0.03037448232389214,-0.22322169275188128,-0.4066274381401547,-0.3389843586695234,0.8353657291884407,-0.14767772457671405,-0.2819711946723453,-0.16234861648202342,0.8317646549696907,-0.4496572232964047,-0.17685252926421405,-0.15707713863921405,0.911526376985786,-0.3361879686846781,-0.16860155596780937,-0.07450779943561874,0.8650063607206313,-0.4666088703882734
2,0.74267578125,0.0992431640625,-0.60382080078125,-0.27178955078125,0.9244384765625,0.30755615234375,0.0302734375,-0.2232666015625,-0.4066162109375,-0.33892822265625,0.83538818359375,-0.14764404296875,-0.281982421875,-0.16229248046875,0.831787109375,-0.44964599609375,-0.1769345899090719,-0.1569277147784281,0.91156005859375,-0.33619776697063125,-0.16877200531720318,-0.0743471483721781,0.8649741080293687,-0.4666684766278219
3,0.742648427701714,0.09913374986935619,-0.603848154329536,-0.2718716114261079,0.9243017088210702,0.30793910201975333,0.030410205241429764,-0.2233213086590719,-0.406643564485786,-0.3389829297528219,0.83538818359375,-0.14737050748589048,-0.2820371289715719,-0.16237454111360786,0.8318691700198578,-0.4494271677074624,-0.17702930667328595,-0.15694241220735786,0.9116421192386078,-0.3359691402983905,-0.16896633798860786,-0.07436184580110786,0.8650112598636078,-0.4664896579091764
4,0.74261474609375,0.0989990234375,-0.6038818359375,-0.27197265625,0.9240849217443562,0.30849127625940637,0.030739876737562708,-0.223388671875,-0.40667724609375,-0.33905029296875,0.83538818359375,-0.14703369140625,-0.2821044921875,-0.1624755859375,0.83197021484375,-0.44915771484375,-0.17706298828125,-0.15704345703125,0.9117431640625,-0.33563232421875,-0.1690673828125,-0.074462890625,0.8651123046875,-0.4661865234375
5,0.7426196452367266,0.09902351915238294,-0.6038769367945234,-0.2719579588210702,0.9239599935984532,0.30869622374059363,0.031169368271843644,-0.22337887358904682,-0.40669684266565637,-0.3390453938257734,0.8353832844507734,-0.14702389312029682,-0.2821093913304766,-0.16248048508047658,0.83197021484375,-0.4491528157007734,-0.17707278656720318,-0.15703365874529682,0.9117382649195234,-0.3356470216476798,-0.16907718109845318,-0.07445799148202341,0.8651074055445234,-0.4662012208664298
6,0.742669453190322,0.09927255892035954,-0.603827128840928,-0.2718085349602843,0.9240596095056438,0.3084969919262124,0.030970136457462376,-0.2232792576818562,-0.4068960744800376,-0.3389955858721781,0.835333476497178,-0.1469242772131062,-0.2821591992840719,-0.1625302930340719,0.83197021484375,-0.4491030077471781,-0.1771724024743938,-0.1569340428381062,0.911688456965928,-0.3357964455084657,-0.1691767970056438,-0.0744081835284281,0.865057597590928,-0.4663506447272157
7,0.7428062209317516,0.09943463890050168,-0.6036903610994984,-0.27170259099341554,0.924072265625,0.30851515958141723,0.03072742474916388,-0.22322312166858277,-0.4070953062944189,-0.3388588181307483,0.8352836685435828,-0.14699858088158446,-0.2823829268133361,-0.1623627015180811,0.8318832550559155,-0.44918363947533446,-0.1770111390180811,-0.15683442693091554,0.91168212890625,-0.3359458693692517,-0.16940685259458613,-0.07418445599916387,0.8649208298494984,-0.4665435484819189
8,0.74285888671875,0.0994873046875,-0.6036376953125,-0.27166748046875,0.924072265625,0.30853271484375,0.0306396484375,-0.22320556640625,-0.40716552734375,-0.33880615234375,0.83526611328125,-0.14703369140625,-0.282470703125,-0.16229248046875,0.83184814453125,-0.44921875,-0.1771666868075878,-0.1567348110237249,0.9116176235237249,-0.33603078784751256,-0.16949462890625,-0.0740966796875,0.8648681640625,-0.46661376953125
9,0.7429219631845736,0.09944525371028429,-0.6035535933580686,-0.27166748046875,0.924072265625,0.3086168167981814,0.03061862294889214,-0.2231635154290343,-0.4072075783209657,-0.3387851268551421,0.83526611328125,-0.14694958945181857,-0.2825337795908236,-0.16227145498014214,0.8318691700198578,-0.4491556735341764,-0.17734713857389214,-0.15667724609375,0.9115810840823578,-0.3359964938466764,-0.16951565439485786,-0.07407565419889214,0.8649102150397158,-0.4665296675768186
10,0.7430419921875,0.099365234375,-0.6033935546875,-0.27166748046875,0.9240526690530937,0.3088062503266095,0.030666797854828596,-0.22307369780779682,-0.40730719422815637,-0.3387745120453595,0.8352563149952968,-0.14676995420934363,-0.28265380859375,-0.16226084017035952,0.8319091796875,-0.44902584624529684,-0.17730712890625,-0.15667724609375,0.91162109375,-0.33587646484375,-0.1695556640625,-0.07403564453125,0.864990234375,-0.46636962890625
11,0.7430419921875,0.099365234375,-0.6033935546875,-0.27166748046875,0.923953053145903,0.3089556741873955,0.031115069437186456,-0.22302388985420152,-0.40740681013534696,-0.3389239359061455,0.8352065070417015,-0.146670338302153,-0.28265380859375,-0.16241026403114547,0.8319091796875,-0.4489760382917015,-0.17730712890625,-0.15667724609375,0.91162109375,-0.33587646484375,-0.1695556640625,-0.07403564453125,0.864990234375,-0.46636962890625
12,0.7431387502612876,0.09922009726431856,-0.6033451756506062,-0.2716191014318562,0.9239018162756062,0.3090567190112876,0.031031171613712376,-0.22316759804818143,-0.4073129098949624,-0.3388314645824624,0.8352534571618938,-0.14657072239496238,-0.28265380859375,-0.16226941367056857,0.8320059377612876,-0.4488294722643186,-0.17730712890625,-0.15667724609375,0.9117178518237876,-0.3357313277330686,-0.16965242213628762,-0.07403564453125,0.864990234375,-0.4662728708324624
13,0.7432012143342391,0.09895921790081522,-0.6033696713654891,-0.2714949898097826,0.9238148564877717,0.3093420940896739,0.031117314877717392,-0.22316841457201086,-0.40725044582201086,-0.33880615234375,0.8353404169497283,-0.14632249915081522,-0.28272811226222827,-0.16226859714673914,0.8320684018342391,-0.44864289656929346,-0.17741858440896738,-0.1565286387567935,0.9117803158967391,-0.33554475203804346,-0.1698263417119565,-0.07407279636548914,0.864990234375,-0.46621040675951086
14,0.74322509765625,0.09881591796875,-0.6033935546875,-0.27142333984375,0.92376708984375,0.30950927734375,0.03118896484375,-0.22314453125,-0.4072265625,-0.33880615234375,0.83538818359375,-0.14617919921875,-0.28277587890625,-0.16229248046875,0.83209228515625,-0.44854736328125,-0.17746430974341554,-0.1565886532582567,0.9117782745871655,-0.33547514338158446,-0.169921875,-0.0740966796875,0.864990234375,-0.4661865234375
15,0.7432544925141096,0.0987718256819607,-0.6033935546875,-0.27136455012803096,0.9237523924148202,0.30958276448839883,0.031203662272679764,-0.22311513639214048,-0.4072265625,-0.3387914549148202,0.8354028810226798,-0.14614980436089048,-0.2827905763351798,-0.16229248046875,0.83209228515625,-0.4485326658523202,-0.17741450178982024,-0.15676992154839048,0.9117578614914298,-0.33551025390625,-0.16993657242892976,-0.07406728482964046,0.864990234375,-0.4661718260085702
16,0.74334716796875,0.09862240182117475,-0.6033970249137751,-0.27116878853992477,0.9237025844612249,0.30982833403010035,0.03126041067882525,-0.22301205025867474,-0.4072265625,-0.3387381767349498,0.8354526889762751,-0.1460536586799749,-0.28284038428877506,-0.16228554001619983,0.8320957553825251,-0.44848285789872494,-0.17737510451505017,-0.15666683541492474,0.91180419921875,-0.33550678367997494,-0.16999332083507526,-0.07396419869617475,0.8649937046012751,-0.46612201805497494
17,0.74334716796875,0.0984729779603888,-0.6034468328673704,-0.2710193646791388,0.9236527765076296,0.3100275658444816,0.0314098345396112,-0.22286262639788879,-0.4072265625,-0.33863856082775917,0.8355024969298704,-0.14600385072637959,-0.2828901922423704,-0.1621859241090092,0.8321455633361204,-0.4484330499451296,-0.1774747204222408,-0.15651741155413879,0.91180419921875,-0.3354569757263796,-0.17014274469586121,-0.0738147748353888,0.8650435125548704,-0.4660722101013796
18,0.74334716796875,0.09844970703125,-0.60345458984375,-0.27099609375,0.92364501953125,0.31005859375,0.03143310546875,-0.22283935546875,-0.4072265625,-0.338623046875,0.83551025390625,-0.14599609375,-0.28289794921875,-0.16217041015625,0.8321533203125,-0.44842529296875,-0.17740613242056857,-0.156494140625,0.91180419921875,-0.3354912697272157,-0.1701239646477843,-0.07383355488346571,0.8649671675768186,-0.46619060605664714
19,0.743377991743311,0.09838805948212792,-0.60345458984375,-0.27096526997543896,0.923614195756689,0.31024353639736624,0.03149475301787207,-0.22268523659594483,-0.40725738627456104,-0.33859222310043896,0.83551025390625,-0.14596526997543896,-0.28289794921875,-0.16213958638168896,0.8321533203125,-0.44842529296875,-0.17742981161162208,-0.15652496439956104,0.91180419921875,-0.33547943013168896,-0.17022827556699416,-0.0738525390625,0.86492919921875,-0.4661859110446279
20,0.743408203125,0.09832763671875,-0.60345458984375,-0.27093505859375,0.923583984375,0.3104248046875,0.03155517578125,-0.2225341796875,-0.40728759765625,-0.33856201171875,0.83551025390625,-0.14593505859375,-0.28289794921875,-0.162109375,0.8321533203125,-0.44842529296875,-0.177490234375,-0.15655517578125,0.91180419921875,-0.33544921875,-0.17034912109375,-0.0738525390625,0.86492919921875,-0.46612548828125
21,0.7434249418635034,0.09833600608800168,-0.6034378511052466,-0.270909950485995,0.9235923537442516,0.3104164353182483,0.03160539199676003,-0.2225007022104933,-0.40728759765625,-0.3385536423494983,0.8355186232755016,-0.14593505859375,-0.2829063185880017,-0.16210100563074833,0.8321533203125,-0.4484336623380017,-0.177490234375,-0.15655517578125,0.91180419921875,-0.3354575881192517,-0.17034075172449833,-0.0738525390625,0.86492919921875,-0.46614222701975333
22,0.7435245577706939,0.09838581404159699,-0.6033382351980561,-0.27076052662520905,0.923642161697847,0.31036662736465304,0.031904239718331937,-0.22230147039611203,-0.40728759765625,-0.33850383439590304,0.835568431229097,-0.14593505859375,-0.28295612654159696,-0.162051197677153,0.8321533203125,-0.44848347029159696,-0.177490234375,-0.15655517578125,0.91180419921875,-0.33550739607284696,-0.170290943770903,-0.0738525390625,0.86492919921875,-0.466241842926944
23,0.7435772235576923,0.098388671875,-0.60333251953125,-0.2707050030048077,0.9235980694110577,0.3105046198918269,0.031874436598557696,-0.22233698918269232,-0.40738149789663464,-0.33840707632211536,0.8355243389423077,-0.14593505859375,-0.28305288461538464,-0.1621422400841346,0.8320594200721154,-0.4485332782451923,-0.17744328425480768,-0.15650822566105768,0.91180419921875,-0.33551025390625,-0.1702880859375,-0.0738055889423077,0.86492919921875,-0.4662945087139423
24,0.74359130859375,0.098388671875,-0.60333251953125,-0.27069091796875,0.923583984375,0.310546875,0.0318603515625,-0.22235107421875,-0.40740966796875,-0.33837890625,0.83551025390625,-0.14593505859375,-0.2830810546875,-0.16217041015625,0.83203125,-0.44854736328125,-0.17739347630121238,-0.15642269478992474,0.9117684763012124,-0.33558169974132523,-0.1702880859375,-0.07372005807117475,0.8648934763012124,-0.4663443166675376
25,0.7435668128788671,0.09831518473035117,-0.6033570152461329,-0.2707399093985159,0.9235349929452341,0.3105958664297659,0.0318603515625,-0.22249804850804766,-0.4073606765389841,-0.33840340196488294,0.8355347496211329,-0.1458860671639841,-0.2830810546875,-0.16217041015625,0.8320557457148829,-0.44847387613660117,-0.17734366834761706,-0.1563720703125,0.9117676597773829,-0.33560782850386706,-0.1702390945077341,-0.07364493787886706,0.8648681640625,-0.46636962890625
26,0.7435302734375,0.09820556640625,-0.6033935546875,-0.27081298828125,0.9234619140625,0.3106689453125,0.0318603515625,-0.22271728515625,-0.40728759765625,-0.33843994140625,0.8355712890625,-0.14581298828125,-0.28305451766304346,-0.16211733610733695,0.83209228515625,-0.44840406334918476,-0.17730712890625,-0.1563720703125,0.91180419921875,-0.3355712890625,-0.170166015625,-0.0736083984375,0.8648681640625,-0.46636962890625
27,0.7435282321279264,0.09820148378710285,-0.6033935546875,-0.27081911220997074,0.9234619140625,0.3106689453125,0.031850145014632104,-0.22271932646582357,-0.4072896389658236,-0.33843585878710286,0.8355733303720736,-0.14581502959082357,-0.282958984375,-0.16193035215039717,0.8320943264658236,-0.44854328066210286,-0.17731121152539717,-0.15636594638377926,0.9118021579091764,-0.33557945430079433,-0.1701762221728679,-0.07360227450877926,0.8648661227529264,-0.46637371152539714
28,0.7434784241743311,0.09810186787991221,-0.6033935546875,-0.2709685360707567,0.9234619140625,0.3106689453125,0.03160110524665552,-0.2227691344194189,-0.4073394469194189,-0.3383362428799122,0.8356231383256689,-0.1458648375444189,-0.282958984375,-0.1620299680575878,0.8321441344194189,-0.4484436647549122,-0.1774108274325878,-0.1562165225229933,0.9117523499555811,-0.3357786861151756,-0.17042526194084448,-0.07345285064799331,0.8648163147993311,-0.4664733274325878
29,0.7435098603417643,0.09796162991220736,-0.6033123105664716,-0.27115858199205684,0.9234212920019857,0.31083143355455684,0.031514553720735784,-0.22265645413095736,-0.40742987693352845,-0.33823662697272155,0.83563232421875,-0.14579277931647158,-0.28308085055654264,-0.16196709572272158,0.8321533203125,-0.4483846709082358,-0.17734795509772158,-0.15627020896477842,0.9118244081835284,-0.3356123193849289,-0.17038994728522158,-0.07350653708977843,0.8648883730272784,-0.4662885889161789
30,0.7435302734375,0.097900390625,-0.603271484375,-0.271240234375,0.92340087890625,0.3109130859375,0.031494140625,-0.22259521484375,-0.407470703125,-0.33819580078125,0.83563232421875,-0.145751953125,-0.28314208984375,-0.16192626953125,0.8321533203125,-0.4483642578125,-0.17748349805340718,-0.15619345572481189,0.9118358395171404,-0.3355396487641095,-0.17055488509876673,-0.07340038899195234,0.8648998043608904,-0.4662159182953595
31,0.7435666087479097,0.09795489359061454,-0.6031988137541806,-0.2712765696854097,0.9234190465614549,0.31089491828229515,0.03163948186663879,-0.2225588795333403,-0.40752520609061454,-0.3382321360916597,0.8355778212531354,-0.1457882884354097,-0.2831784251541597,-0.16194443718645485,0.8321351526572951,-0.44834609015729515,-0.17769150749895485,-0.15608506218645485,0.9117860315635451,-0.33558945671770485,-0.17079453484270485,-0.0732421875,0.8648499964072951,-0.46626572624895485
32,0.74365234375,0.09808349609375,-0.60302734375,-0.2713623046875,0.9234619140625,0.31085205078125,0.031982421875,-0.22247314453125,-0.40765380859375,-0.33831787109375,0.83544921875,-0.1458740234375,-0.2832988624190008,-0.16198036423494983,0.8320784042511497,-0.44831710356135035,-0.177734375,-0.1561279296875,0.9117431640625,-0.33563232421875,-0.17083740234375,-0.0732421875,0.86480712890625,-0.46630859375
33,0.74365234375,0.09808349609375,-0.60302734375,-0.2713623046875,0.9234619140625,0.31085205078125,0.031982421875,-0.22247314453125,-0.40765380859375,-0.33831787109375,0.83544921875,-0.1458740234375,-0.2835479021869774,-0.16193055628135453,0.831978788343959,-0.44841671946854095,-0.177734375,-0.1561279296875,0.9117431640625,-0.33563232421875,-0.17083740234375,-0.0732421875,0.86480712890625,-0.46630859375
34,0.7437433861569817,0.0982200597042224,-0.6028907801395276,-0.2713623046875,0.9235529564694817,0.31071548717077757,0.03189137946801839,-0.2222000173103052,-0.4077448510007316,-0.33818130748327757,0.8354036975465092,-0.146101629454954,-0.2833872511235368,-0.1618807483277592,0.83197021484375,-0.4485163353757316,-0.1776888537965092,-0.1559913660770276,0.9116521216555183,-0.33595097264318563,-0.1708829235472408,-0.0731056238895276,0.8646705652957776,-0.4665817209709448
35,0.7438087080633361,0.09812942555915552,-0.6028099442804139,-0.27143089268917225,0.9235496903741639,0.3108747093175167,0.03175746955999164,-0.22210693359375,-0.4077415849054139,-0.338134765625,0.8354567715954222,-0.14607631721624165,-0.2833594893133361,-0.16183094037416387,0.8320045088445861,-0.4485130692804139,-0.17763904584291387,-0.15594482421875,0.9116896817516722,-0.3358881003083194,-0.1708984375,-0.07305908203125,0.8646926114391722,-0.4665376286841555
36,0.74383544921875,0.0980224609375,-0.602783203125,-0.271484375,0.92352294921875,0.31103515625,0.03167724609375,-0.22210693359375,-0.40771484375,-0.338134765625,0.83551025390625,-0.14599609375,-0.28338623046875,-0.16180419921875,0.83203125,-0.448486328125,-0.1776123046875,-0.15594482421875,0.9117662308606814,-0.3357313277330686,-0.1708984375,-0.07305908203125,0.86474609375,-0.4664306640625
37,0.7438472888142768,0.0980224609375,-0.6027713635294732,-0.2714606958089465,0.9235111096232232,0.3110588354410535,0.031712764880330264,-0.2220832544026965,-0.40771484375,-0.338134765625,0.8354984143107232,-0.14598425415447325,-0.28338623046875,-0.16181603881427675,0.83203125,-0.44847448852947325,-0.17762414428302675,-0.1559685034098035,0.9117805200276965,-0.3357170385660535,-0.17093395628658026,-0.07307092162677675,0.8647342541544732,-0.46644250365802675
38,0.7438983215536162,0.09802307333037208,-0.6027203307901338,-0.2713598551160117,0.9234619140625,0.3111566141696279,0.03185667720526756,-0.22198547567412208,-0.40771484375,-0.33813354083925584,0.83544921875,-0.14593812055811037,-0.2833868428616221,-0.1618633971963838,0.8320300252142558,-0.44842713014736624,-0.1776715026651338,-0.15606383256688963,0.9116827412991221,-0.33581665447324416,-0.1710797057901338,-0.07311705522313963,0.86468505859375,-0.46649292400449416
39,0.7440477454144022,0.09807288128396739,-0.6025709069293478,-0.27116062330163043,0.9234619140625,0.3111068062160326,0.031557829483695655,-0.22203528362771738,-0.40771484375,-0.33803392493206524,0.83544921875,-0.14618716032608695,-0.2834366508152174,-0.16171397333559784,0.8319304093070652,-0.44857655400815216,-0.17752207880434784,-0.15581479279891305,0.9117325492527174,-0.33591627038043476,-0.17093028192934784,-0.07286801545516304,0.86468505859375,-0.46659253991168476
40,0.74407958984375,0.09808349609375,-0.6025390625,-0.2711181640625,0.9235403003501255,0.31113538455006273,0.031729299487876256,-0.22177154643081104,-0.40771484375,-0.3380126953125,0.83544921875,-0.146240234375,-0.283447265625,-0.16168212890625,0.8319091796875,-0.4486083984375,-0.17768620009406355,-0.15587929818143811,0.9116255846310619,-0.3360942725752508,-0.17109440321906355,-0.07297171398150083,0.8645674791623119,-0.46673134896268814
41,0.7441914536083821,0.09797163232911789,-0.6025110965588419,-0.2710063002978679,0.9236119503161581,0.31124112438597407,0.03202814720944816,-0.22136695887332777,-0.40771484375,-0.337984729371342,0.8354771846911581,-0.146240234375,-0.28353116344847407,-0.16162619702393394,0.8318812137463419,-0.44866433031981606,-0.17779541015625,-0.15577702857180184,0.911615990476066,-0.33612570874268394,-0.17123157922240803,-0.07286332044314381,0.8645299190661581,-0.46674094311768394
42,0.74432373046875,0.09783935546875,-0.60247802734375,-0.2708740234375,0.92364501953125,0.31134033203125,0.0322265625,-0.2210693359375,-0.40771484375,-0.33795166015625,0.83551025390625,-0.146240234375,-0.28363037109375,-0.16166049102477006,0.8318146670542433,-0.44874720748850333,-0.17781214889475336,-0.15567904571227006,0.9116486514292433,-0.3360930477895067,-0.1712981259145067,-0.07273226836852006,0.8645462495427466,-0.46669154342600333
43,0.7443347535404473,0.09781730932535536,-0.6024725158079013,-0.27085748882995403,0.9236339964595527,0.3113623781746446,0.03224860864339465,-0.221052801329954,-0.40771484375,-0.33795166015625,0.83551025390625,-0.14623472283915134,-0.28363588262959866,-0.16190422338785534,0.8317370972904473,-0.44877496929870403,-0.1778564453125,-0.15594482421875,0.91156005859375,-0.33617612908915134,-0.17139223028584866,-0.07300355841084866,0.8644964415891513,-0.46674135137959866
44,0.744434369447638,0.09761807751097408,-0.6024227078543061,-0.27070806496916805,0.923534380552362,0.31156160998902593,0.03244784045777592,-0.22090337746916805,-0.40771484375,-0.33795166015625,0.83551025390625,-0.14618491488555602,-0.283685690583194,-0.1617049915734741,0.831836713197638,-0.44862554543791805,-0.1778564453125,-0.15594482421875,0.91156005859375,-0.336126321135556,-0.17144203823944398,-0.07305336636444398,0.8644466336355561,-0.466791159333194
45,0.7444898930680393,0.0973747534098035,-0.6024610844742893,-0.2705586411083821,0.9234788569319607,0.3116726572298286,0.032470703125,-0.22115078418948578,-0.4076707514632107,-0.33795166015625,0.8355543461930393,-0.14600283007159282,-0.2837354985367893,-0.1617262211930393,0.8318922368180393,-0.4485202138639214,-0.1779887221728679,-0.15576845507159282,0.9116041508805393,-0.3359883286083821,-0.17162412305340718,-0.07288271288409282,0.8644850102555393,-0.4666645981396321
46,0.7445068359375,0.0972900390625,-0.60247802734375,-0.2705078125,0.9234290489783654,0.3118708683894231,0.03253643329326923,-0.22108811598557693,-0.40765380859375,-0.33795166015625,0.8355712890625,-0.14593505859375,-0.28375244140625,-0.1617431640625,0.8319091796875,-0.448486328125,-0.17803955078125,-0.15579927884615385,0.91162109375,-0.33590463491586536,-0.17175762469951922,-0.07288067157451923,0.8644690880408654,-0.46661376953125
47,0.7445501117004598,0.09733331482545987,-0.6024347515807902,-0.27046453673704013,0.92340087890625,0.3119900808685201,0.032679324963419736,-0.220947265625,-0.40765380859375,-0.33795166015625,0.8355712890625,-0.14595669647522994,-0.2837308035247701,-0.16172152618102006,0.8319091796875,-0.4485079660064799,-0.1779746371368102,-0.15584051329954013,0.91162109375,-0.33591974060670987,-0.17177068908079013,-0.07287209807431021,0.86444091796875,-0.46665704529420987
48,0.74462890625,0.097412109375,-0.60235595703125,-0.2703857421875,0.92340087890625,0.31195068359375,0.0328369140625,-0.220947265625,-0.40765380859375,-0.33795166015625,0.8355712890625,-0.14599609375,-0.28370181692882523,-0.1617029502639005,0.8319091796875,-0.4485265419235995,-0.1778772666701505,-0.1557825401076505,0.91162109375,-0.3359777137985995,-0.17172312656772576,-0.07275390625,0.86444091796875,-0.46672542916492477
49,0.74462890625,0.097412109375,-0.60235595703125,-0.2703857421875,0.92340087890625,0.31195068359375,0.0328369140625,-0.220947265625,-0.40765380859375,-0.33795166015625,0.8355712890625,-0.14599609375,-0.28375162488242056,-0.16180256617109115,0.8319091796875,-0.4484269260164089,-0.17797688257734115,-0.15588215601484115,0.91162109375,-0.3358780978914089,-0.1718725504285117,-0.07275390625,0.86444091796875,-0.46667562121132944
50,0.7446778976797659,0.09760807509406354,-0.6023069656014841,-0.2702877593279682,0.9234988617657818,0.31180370930445234,0.03278792263273411,-0.220947265625,-0.4076048171639841,-0.33795166015625,0.8355712890625,-0.14614306803929766,-0.2836544585467182,-0.16170621635921822,0.8318601882577341,-0.44862125868781355,-0.17778254990593645,-0.1559327804922659,0.9115721023202341,-0.3362194048521112,-0.17177701714046822,-0.07280289767976589,0.8642939436794523,-0.4669687532660953
51,0.7447277056333612,0.0976184857728888,-0.6023326861021112,-0.270074850739444,0.92352294921875,0.3116165212165552,0.032624821997805184,-0.22098502985211121,-0.40751724498327757,-0.3378383674749164,0.8356090532896112,-0.14636802035430602,-0.28363037109375,-0.1616066004520276,0.8318103803041388,-0.4487827262750836,-0.1778099034542224,-0.15575600308319398,0.91156005859375,-0.3363414751646112,-0.17186622236883362,-0.07266388449780518,0.8642200482728888,-0.4670787798521112
52,0.7447509765625,0.09759521484375,-0.60235595703125,-0.26995849609375,0.92352294921875,0.3115234375,0.03253173828125,-0.22100830078125,-0.407470703125,-0.3377685546875,0.83563232421875,-0.146484375,-0.283577297044837,-0.16166620669157608,0.8317074983016305,-0.4489852241847826,-0.1778299082880435,-0.15577233355978262,0.9114804475203805,-0.3364708941915761,-0.17193603515625,-0.07267694887907608,0.8641171662703805,-0.46726127292798914
53,0.7447815962061036,0.09750335591293896,-0.60235595703125,-0.2699125666283445,0.9235382590405519,0.3115387473218018,0.03257766774665552,-0.22096237131584448,-0.4074553933031982,-0.3377685546875,0.8356476340405519,-0.146484375,-0.2835389204248537,-0.16174295993154264,0.8316499333716555,-0.44908116573474083,-0.17782602979985368,-0.1558682751097408,0.9114075727686036,-0.3365629572533445,-0.17198196462165552,-0.0727383922972408,0.8640442915186036,-0.46740702243154264
54,0.7448852947324415,0.09720450819136706,-0.6023477917929557,-0.26976722538670567,0.9235717365175585,0.3116048857519858,0.03270259589255853,-0.22084560840823578,-0.40740150273045567,-0.33775630683005853,0.8357056072324415,-0.14646396190426422,-0.28363445371289714,-0.16155597597460283,0.8317911919941472,-0.44884845644335286,-0.17792156308789717,-0.1556396484375,0.9114990234375,-0.33642169863085286,-0.172119140625,-0.07250568300585285,0.8641357421875,-0.46722412109375
55,0.7450347185932275,0.09690566046979515,-0.6022481758857651,-0.26966760947951507,0.9234223126567725,0.3118539255199624,0.032553172031772576,-0.22109464817621238,-0.40730188682326507,-0.3376068829692726,0.8358550310932275,-0.14621492213628762,-0.28368426166649247,-0.16150616802100753,0.8318409999477425,-0.44879864848975753,-0.17797137104149247,-0.1556396484375,0.9114990234375,-0.33637189067725753,-0.172119140625,-0.07245587505225752,0.8641357421875,-0.46722412109375
56,0.74505615234375,0.09686279296875,-0.60223388671875,-0.2696533203125,0.9234435422763378,0.3118896484375,0.032659728391513376,-0.22095971761339883,-0.4073302610263378,-0.3377134393290134,0.8357911381035744,-0.14630718932901338,-0.2837340696200878,-0.16162701354776338,0.8317628177910744,-0.4488341672763378,-0.17806384236517558,-0.15572497517767558,0.9114563600674122,-0.3364074094638378,-0.17233245747543896,-0.07257672057901338,0.8640504154473244,-0.4673094478339256
57,0.7451190246786162,0.09667417596415134,-0.6022024505513169,-0.2696533203125,0.9233676055602007,0.3122354462792642,0.03290346075459866,-0.22076048579901755,-0.4073171966450669,-0.33786286318979936,0.83575439453125,-0.14617368768290134,-0.2837838775736831,-0.1616192565713838,0.8318203827210493,-0.44869535822533446,-0.1781005859375,-0.15566741024770067,0.9115322967835493,-0.33626860041283446,-0.17245575257368312,-0.07253752743520067,0.8641079803772993,-0.46718901056908446
58,0.74517822265625,0.09649658203125,-0.6021728515625,-0.2696533203125,0.92327880859375,0.31256103515625,0.0330810546875,-0.22064208984375,-0.40728759765625,-0.33795166015625,0.83575439453125,-0.14599609375,-0.28377305863294316,-0.16166110341764214,0.8319293886522784,-0.44850694535169316,-0.17808037697272158,-0.15569986706992056,0.91162109375,-0.3360397696096363,-0.17244493363294314,-0.07254977529264214,0.8642169863085284,-0.4669601797658863
59,0.74517822265625,0.09649658203125,-0.6021818333246237,-0.26962637502612874,0.92327880859375,0.3125789986804975,0.03317985407086121,-0.22059718103313128,-0.40727861589412623,-0.33796064191837377,0.83575439453125,-0.14596914846362877,-0.2837093697742475,-0.16183828908862877,0.8319612330816263,-0.44843427473087377,-0.17804853254337374,-0.1559268606945025,0.91162109375,-0.3358944283679975,-0.1723812447742475,-0.07273594272575251,0.8642488307378763,-0.4668148385242475
60,0.74517822265625,0.09649658203125,-0.602231641278219,-0.2694769511653428,0.92327880859375,0.31267861458768814,0.033727741560409696,-0.22034814126515467,-0.40722880794053096,-0.33801044987196904,0.83575439453125,-0.14581972460284282,-0.28380898568143814,-0.16168886522784282,0.831911425128031,-0.44848408268446904,-0.17809834049696907,-0.15582724478731189,0.91162109375,-0.33599404427518814,-0.17248086068143811,-0.07263632681856187,0.864199022784281,-0.46691445443143814
61,0.7452257851693144,0.09654414454431438,-0.6022814492318144,-0.26932752730455684,0.92327880859375,0.31258798044262126,0.03365731638012124,-0.22043203908862877,-0.40727412501306437,-0.33787000777330684,0.8358019570443144,-0.14590811330737877,-0.2838134765625,-0.16172969141931437,0.8319091796875,-0.448486328125,-0.17805302342443563,-0.15587031641931437,0.9115735312369356,-0.33604609766931437,-0.1724853515625,-0.07267939845056438,0.8641492148306856,-0.46696650782556437
62,0.7452392578125,0.0965576171875,-0.602294921875,-0.269287109375,0.92327880859375,0.3125973704666597,0.033594035783340304,-0.2204953196854097,-0.4072512623458403,-0.3378659251541597,0.8358154296875,-0.14593505859375,-0.2837044706312709,-0.1617068287520903,0.8319091796875,-0.4485589987458194,-0.1779305448500209,-0.1558111184416806,0.91156005859375,-0.3361685762437291,-0.1724853515625,-0.07269287109375,0.8640994068770903,-0.4671253217103888
63,0.745214149704745,0.09648229286423494,-0.602320029982755,-0.269287109375,0.923253700485995,0.312647178420255,0.03339357918321489,-0.22057023574676005,-0.407251670607755,-0.33784040878448995,0.835840537795255,-0.14593505859375,-0.28370569541701507,-0.16168212890625,0.8319091796875,-0.44855818222198995,-0.17793176963576504,-0.15576171875,0.911585166701505,-0.33616735145798493,-0.17253556777801005,-0.07269287109375,0.86407470703125,-0.46717390487823995
64,0.74517822265625,0.09637451171875,-0.60235595703125,-0.269287109375,0.9232177734375,0.31268310546875,0.03314208984375,-0.22064208984375,-0.40728759765625,-0.3377685546875,0.83587646484375,-0.14593505859375,-0.28379959565739965,-0.161640486190949,0.8319230605926003,-0.448486328125,-0.17803955078125,-0.15569231422449833,0.91162109375,-0.33608733212270064,-0.17266294549540134,-0.07263734747334866,0.8640608261261497,-0.46711593168635035
65,0.7451755689538043,0.0963692043138587,-0.60235595703125,-0.269295070482337,0.9232151197350543,0.3126937202785326,0.03315270465353261,-0.2206367824388587,-0.40728759765625,-0.3377685546875,0.83587646484375,-0.14592179008152173,-0.2837550951086957,-0.16150167713994565,0.8319728685461957,-0.4484757133152174,-0.17803955078125,-0.15546450407608695,0.91162109375,-0.336173679517663,-0.17285421620244565,-0.07245138417119565,0.8640189792798914,-0.4671524711277174
66,0.745125761000209,0.09626958840666806,-0.60235595703125,-0.2694444943431229,0.923165311781459,0.3128929520929139,0.03335193646791388,-0.22053716653166805,-0.40728759765625,-0.3377685546875,0.83587646484375,-0.14567275031354515,-0.28380490306229095,-0.16155148509354098,0.832022676499791,-0.4482764815008361,-0.17803955078125,-0.1556139279368729,0.91162109375,-0.3360242556568771,-0.17290402415604098,-0.07250119212479098,0.8641185951870819,-0.4669532393133361
67,0.7451171875,0.09633491031302258,-0.6023147225778637,-0.2695114492971363,0.9231979727346363,0.31292724609375,0.03338623046875,-0.22043755062447742,-0.40728759765625,-0.3377685546875,0.83587646484375,-0.14575358617265885,-0.2837722421091137,-0.16160129304713627,0.83203125,-0.4482834219533863,-0.17795708187447742,-0.15568088289088627,0.91162109375,-0.33599853515625,-0.17283012874947742,-0.07255100007838629,0.8641357421875,-0.4669601797658863
68,0.7451171875,0.09637451171875,-0.602294921875,-0.26953125,0.9232477806882317,0.3128372243415552,0.033506259471676424,-0.2203379347172868,-0.40728759765625,-0.3377685546875,0.83587646484375,-0.14581298828125,-0.28375244140625,-0.1615610792485368,0.8320012427492683,-0.4483932444084448,-0.1779474877194816,-0.1556106618415552,0.9115910864992683,-0.3361185641591764,-0.17291055634667643,-0.07248077902905518,0.8640457204353051,-0.4671000094716764
69,0.7451359675480769,0.0962993915264423,-0.6022761418269231,-0.26956881009615385,0.9232412484975961,0.31285682091346156,0.03359281099759615,-0.22023831881009615,-0.40728759765625,-0.3377497746394231,0.83587646484375,-0.14579420823317307,-0.28375244140625,-0.16151780348557693,0.8320077749399039,-0.4484112079326923,-0.177978515625,-0.155517578125,0.9115976186899039,-0.3361675555889423,-0.17303466796875,-0.0723876953125,0.8639901968149039,-0.4671490009014423
70,0.74517822265625,0.09613037109375,-0.60223388671875,-0.2696533203125,0.92315673828125,0.3131103515625,0.03350830078125,-0.22015380859375,-0.40728759765625,-0.33770751953125,0.83587646484375,-0.145751953125,-0.2837675470970945,-0.16155250574832775,0.8320696266199833,-0.4482799517271112,-0.17799362131584448,-0.155517578125,0.9116670232154055,-0.33602874653793896,-0.17306487935043896,-0.07238014246707776,0.8640520484949833,-0.4670177446958612
71,0.74517822265625,0.09613037109375,-0.60223388671875,-0.2696533203125,0.92315673828125,0.3131103515625,0.03350830078125,-0.22015380859375,-0.40728759765625,-0.33770751953125,0.83587646484375,-0.145751953125,-0.2838671630042851,-0.16150269779473245,0.8319202027591973,-0.4485289914950878,-0.1780932372230351,-0.155517578125,0.9115674073082148,-0.3362279783523202,-0.17326411116482024,-0.07233033451348245,0.8639026246341973,-0.4672667844638378
72,0.7452704898489757,0.09585356951557274,-0.6020954859296613,-0.26974558750522576,0.92315673828125,0.3132487523515886,0.03396963674487876,-0.21996927420829848,-0.40733373125261285,-0.33770751953125,0.83587646484375,-0.14565968593227424,-0.28410517970056437,-0.1614990234375,0.8319091796875,-0.4484089624921614,-0.17833125391931437,-0.155517578125,0.91156005859375,-0.33615040858852424,-0.1736940109610159,-0.07223439296352424,0.8638454679661371,-0.46719288905727424
73,0.7454399185435828,0.09565944097512542,-0.601876249281459,-0.2698801098061246,0.9230869254938336,0.31353780178720736,0.034013933162625416,-0.2198747615750418,-0.4073835392062082,-0.3377424259249582,0.83587646484375,-0.1456298828125,-0.28400515553145905,-0.1614641170437918,0.8320488052623328,-0.44822463223766723,-0.17823122975020902,-0.1554826717312918,0.9116647777748745,-0.33598097989391723,-0.17365359303145902,-0.07216968345004181,0.8639701919810828,-0.46702346036266723
74,0.74554443359375,0.0955810546875,-0.60174560546875,-0.26995849609375,0.9230583471598035,0.3136496655518395,0.03403026363921405,-0.2198723120035535,-0.40740966796875,-0.3377685546875,0.83587646484375,-0.1456298828125,-0.2839929076740176,-0.1614143090901965,0.8320822827393395,-0.448167475569607,-0.17821898189276755,-0.15538550539558946,0.911695805680393,-0.335923823225857,-0.1736887035561246,-0.07204883792328595,0.863979990267036,-0.467013662076714
75,0.7455693375705477,0.09555615071070234,-0.6016833455267558,-0.2699958520589465,0.9230707991482023,0.3135749536214465,0.034154783523202344,-0.21992211995714883,-0.40738476399195234,-0.33775610269910117,0.8358889168321488,-0.1456298828125,-0.28411742755800584,-0.161376953125,0.8320075708089465,-0.4482048315348035,-0.17834350177675584,-0.1552734375,0.9116459977267977,-0.3359611791910535,-0.17388793537050584,-0.0718994140625,0.8638679223714465,-0.4671257299723035
76,0.7456689534777383,0.095458984375,-0.6014379801160117,-0.2701416015625,0.9229736328125,0.3137231526964883,0.03405394283026756,-0.219970703125,-0.4072851480847617,-0.33770629474550584,0.8359387247857442,-0.1456298828125,-0.28387573650449416,-0.16137205398202342,0.8321520955267558,-0.4480627563884824,-0.1781030355089883,-0.15526976314276755,0.9117431640625,-0.33581665447324416,-0.1736523682457149,-0.07189451491952341,0.8640112223035117,-0.4669824300402383
77,0.745768569384929,0.095458984375,-0.601338364208821,-0.2701416015625,0.9229736328125,0.3138227686036789,0.03390451896948161,-0.219970703125,-0.4071855321775711,-0.3376564867919105,0.8359885327393395,-0.1456298828125,-0.2839255444580895,-0.16117282216764214,0.8321022875731605,-0.4482121802492684,-0.17820265141617894,-0.1551203392819816,0.9117431640625,-0.3358664624268395,-0.1739512159672868,-0.07169528310514214,0.863911606396321,-0.4670820459474289
78,0.74578857421875,0.095458984375,-0.601318359375,-0.2701416015625,0.9230134383491848,0.3137233568274457,0.033993928328804345,-0.219970703125,-0.4072849439538043,-0.33760667883831524,0.8359587296195652,-0.14566968834918478,-0.28409476902173914,-0.16117261803668478,0.8320126740828805,-0.44828199303668476,-0.17822265625,-0.15509033203125,0.9117431640625,-0.33587646484375,-0.1742898692255435,-0.07161546790081522,0.8637721849524457,-0.4672214673913043
79,0.7458457308868102,0.0954304060409699,-0.6012326243729097,-0.2701701798965301,0.9230060896347199,0.3137454029708403,0.0339718821854097,-0.2199421247909699,-0.4073772111465301,-0.3376426058868102,0.8358803433319398,-0.14569091796875,-0.2840939524979097,-0.1611652693222199,0.8320273715118102,-0.4482460659881898,-0.1782512345840301,-0.1550617536972199,0.9117431640625,-0.33587646484375,-0.1743527415604097,-0.0715656599472199,0.8637656527618102,-0.4672279995819398
80,0.74591064453125,0.09539794921875,-0.60113525390625,-0.27020263671875,0.9229909839438755,0.3138254223061246,0.033926565112876256,-0.21984026344324833,-0.40740966796875,-0.33770751953125,0.8358154296875,-0.14569091796875,-0.28404863542537623,-0.16116751476275085,0.8320749340248745,-0.4481985034751254,-0.17831839366900085,-0.15506399913775085,0.9117258129311245,-0.3358938159751254,-0.17432477561925167,-0.071533203125,0.8637785130121237,-0.46721513933162623
81,0.7459167684599707,0.09538570136130853,-0.60113525390625,-0.27020263671875,0.9230407918974707,0.31379398613869147,0.03407598897366221,-0.2196471555575878,-0.40742191582619147,-0.33771364345997074,0.8358093057587793,-0.14568479404002926,-0.28419193535744147,-0.1612548828125,0.8320190021425585,-0.4482421875,-0.17840576171875,-0.15514524325877926,0.91168212890625,-0.33593137607127926,-0.17450563564747074,-0.07152707919627926,0.8636535848662207,-0.46734006747752926
82,0.745966576413566,0.09528608545411789,-0.60113525390625,-0.27020263671875,0.923090599851066,0.3138936020458821,0.03422541283444816,-0.21949773169680184,-0.4075215317333821,-0.33776345141356606,0.835759497805184,-0.14563498608643394,-0.2842915512646321,-0.1612548828125,0.8319193862353679,-0.4482421875,-0.17840576171875,-0.15509543530518394,0.91168212890625,-0.33588156811768394,-0.17455544360106606,-0.07147727124268395,0.863703392819816,-0.46729025952393394
83,0.7460610890468228,0.09518646954692726,-0.6010458445469272,-0.2701579320390886,0.9230509984453387,0.3139932179530727,0.03410660861726589,-0.21952712655466136,-0.4074423289219273,-0.3376791453281773,0.8358438038905728,-0.14554047345317725,-0.2842570531328386,-0.16116547345317725,0.8319985890468228,-0.4481527781406773,-0.17849517107807275,-0.15500092267192725,0.91168212890625,-0.33587646484375,-0.17478407027330686,-0.07129334925010451,0.8636190867344272,-0.4673298609296614
84,0.74609375,0.09515380859375,-0.60101318359375,-0.2701416015625,0.92303466796875,0.31402587890625,0.03402413971049331,-0.21944302460022994,-0.4074766229227634,-0.337646484375,0.8358429873667433,-0.14560824493102006,-0.2843076776102634,-0.1611328125,0.8319977725229933,-0.4481870721415134,-0.17852783203125,-0.15496826171875,0.91168212890625,-0.33587646484375,-0.17496615508727006,-0.07126150482075669,0.8635194708272366,-0.46748010131427675
85,0.746116000274352,0.09508705777069398,-0.600990933319398,-0.270119351288148,0.923012417694398,0.31407037945495403,0.03397433175689799,-0.219404852111204,-0.40753173828125,-0.337624234100648,0.8358154296875,-0.14566866769439799,-0.284385043243102,-0.161088311951296,0.831992465118102,-0.44819768695129597,-0.178572332579954,-0.15494601144439799,0.91168212890625,-0.335898715118102,-0.17507107839935201,-0.07122231167694398,0.863486605743102,-0.46754583148254597
86,0.74615478515625,0.094970703125,-0.6009521484375,-0.27008056640625,0.9229736328125,0.314181018433842,0.033979639161789296,-0.21944935265990803,-0.40753173828125,-0.33758544921875,0.8358154296875,-0.1456298828125,-0.284456897340092,-0.16103278833089466,0.8320092038566054,-0.4481311402591973,-0.17869399463053928,-0.15492927270589466,0.9116711058345527,-0.3359375,-0.17517600171143394,-0.07112800317464464,0.8635033444816054,-0.4674792847904473
87,0.74615478515625,0.094970703125,-0.6009521484375,-0.27008056640625,0.9229736328125,0.3143304422946279,0.03417887097617057,-0.21929992879912208,-0.40753173828125,-0.33758544921875,0.8358154296875,-0.1456298828125,-0.2846063212008779,-0.16113240423808528,0.8319095879494147,-0.44818094821279264,-0.17889322644492056,-0.15502888861308528,0.9116212978809574,-0.3359375,-0.17547484943300584,-0.07122761908183528,0.8634037285744147,-0.46752909274404264
88,0.7463035966241639,0.094970703125,-0.6008529407922241,-0.26998135876097407,0.922924028989862,0.3144798661554139,0.0344277066131898,-0.21915050493833613,-0.40763094592652593,-0.33758544921875,0.8358154296875,-0.1456298828125,-0.28460693359375,-0.16118241632263797,0.8319091796875,-0.44818115234375,-0.17874523150083613,-0.15488048540708613,0.91162109375,-0.33598710382263797,-0.1753768665734741,-0.07102961205319816,0.863452924135138,-0.467529296875
89,0.7464146438649666,0.09489394988503344,-0.6007917015050167,-0.2698433662338002,0.9228742210362667,0.31451416015625,0.03436973342130017,-0.21923134079744983,-0.4076154319737667,-0.33758544921875,0.8358154296875,-0.14559150619251673,-0.2846453102137333,-0.16104034117631688,0.8319475563074833,-0.4481427757237667,-0.17878769073996656,-0.15480781478626673,0.9116594703699833,-0.3359601585362667,-0.17546913376619983,-0.07094551009876672,0.86346435546875,-0.4674909202550167
90,0.7464599609375,0.0948486328125,-0.60076904296875,-0.269775390625,0.9228787119173286,0.3145956084082358,0.034464654316471575,-0.21910927048494983,-0.4075927734375,-0.33758544921875,0.8358154296875,-0.14556884765625,-0.28466796875,-0.16105830470056437,0.8319430654264214,-0.4481201171875,-0.1788330078125,-0.15478515625,0.91168212890625,-0.3359375,-0.1755642587923286,-0.07103144923181438,0.8634372060514214,-0.46746826171875
91,0.7464918053668478,0.09483271059782608,-0.600753120754076,-0.2697117017663043,0.92291259765625,0.3146813434103261,0.034604279891304345,-0.21891983695652173,-0.4075768512228261,-0.3376013714334239,0.835831351902174,-0.14556884765625,-0.28466796875,-0.16113015879755435,0.831925101902174,-0.4481201171875,-0.17884893002717392,-0.15478515625,0.911666206691576,-0.3359375,-0.17561406674592392,-0.07108738111413043,0.8634033203125,-0.46746826171875
92,0.7465961162860577,0.09478759765625,-0.6007080078125,-0.26950307992788464,0.9229079026442307,0.31464562049278844,0.034409743088942304,-0.21906456580528846,-0.40753173828125,-0.33761361929086536,0.8358858548677884,-0.14557354266826922,-0.2846726637620192,-0.16094501201923078,0.8319655198317307,-0.4481248121995192,-0.17889873798076922,-0.15478515625,0.91162109375,-0.3359421950120192,-0.17566856971153846,-0.07086181640625,0.8633986253004807,-0.4674729567307692
93,0.7467455401468437,0.09478759765625,-0.6007080078125,-0.26920423220631273,0.9228580946906354,0.3147452363999791,0.03426031922815635,-0.2191641817124791,-0.40753173828125,-0.3372649636156982,0.8359854707749791,-0.14562335062186454,-0.28472247171561454,-0.16089520406563546,0.8319157118781354,-0.44817462015311454,-0.17894854593436454,-0.15478515625,0.91162109375,-0.33599200296561454,-0.1757681856187291,-0.07086181640625,0.8633488173468854,-0.46752276468436454
94,0.74676513671875,0.09478759765625,-0.6007080078125,-0.2691650390625,0.9228515625,0.3148881280701296,0.03458692875992893,-0.2189175915159908,-0.40753173828125,-0.33752216862196904,0.8358687078673704,-0.14558660704954013,-0.2848588311951296,-0.1611483264527592,0.8318226281615803,-0.44818115234375,-0.178955078125,-0.15478515625,0.91162109375,-0.33599853515625,-0.17578125,-0.07086181640625,0.86334228515625,-0.467529296875
95,0.7468933309599707,0.09478759765625,-0.6006118621315845,-0.2689727477006689,0.9228515625,0.3149093576896948,0.03450466398411371,-0.21893922939747074,-0.4075637868415552,-0.33758238725438966,0.8358154296875,-0.14560089621655517,-0.2848800608146948,-0.16099849433005853,0.8318191579353051,-0.44824524946436034,-0.17901917524561037,-0.15475310768969483,0.9115890451896949,-0.33606263227686034,-0.17590944424122074,-0.07079771928563963,0.8633102365959449,-0.46759339399561034
96,0.74700927734375,0.09478759765625,-0.60052490234375,-0.268798828125,0.9228515625,0.314963656524352,0.03446832867370401,-0.21884696220474498,-0.4075927734375,-0.3375244140625,0.8358154296875,-0.1456298828125,-0.2849135382917015,-0.1609123510660535,0.831806501815949,-0.4482824012985995,-0.1790771484375,-0.15472412109375,0.91156005859375,-0.33612060546875,-0.17610867605560201,-0.07084385288200251,0.8632604286423495,-0.4676513671875
97,0.7470476539637333,0.09477800350125418,-0.6005057140337584,-0.26874126319502506,0.9228515625,0.3151149175637542,0.034722879977529264,-0.2184927949937291,-0.4075831792825042,-0.3375340082174958,0.8358250238424958,-0.14562028865750418,-0.28505336799749165,-0.16118425350125418,0.83172607421875,-0.4482325933450042,-0.17909633674749165,-0.15472412109375,0.9115504644387542,-0.33612060546875,-0.17626953125,-0.07097776279002926,0.86322021484375,-0.4676609613424958
98,0.7472468857781146,0.09472819554765886,-0.6004060981265678,-0.26844241547345316,0.9228515625,0.3150651096101589,0.03437422430236204,-0.2187418347617057,-0.4075333713289089,-0.3375838161710911,0.8358748317960911,-0.14557048070390885,-0.2851529839046823,-0.16113444554765885,0.83172607421875,-0.4481827853914089,-0.17919595265468227,-0.15472412109375,0.9115006564851589,-0.33612060546875,-0.17626953125,-0.07062910711486205,0.86322021484375,-0.4677107692960911
99,0.7474461175924958,0.09482291231187291,-0.6002583073134407,-0.2680953928459448,0.9228033875940636,0.3152561761862458,0.03445914278062291,-0.21855730037625418,-0.4074353884693771,-0.3372482248771948,0.8360209895615593,-0.14576154727999582,-0.2850599001881271,-0.16079558815844483,0.83172607421875,-0.44832567706155935,-0.17934374346780937,-0.15467594618781355,0.9114990234375,-0.33612060546875,-0.17641405596780937,-0.07052132596937709,0.8631720399378136,-0.46771240234375
100,0.74749755859375,0.0948486328125,-0.6002197265625,-0.26800537109375,0.9227535796404682,0.3154923557039089,0.03503907883047658,-0.2182472254520276,-0.4075574587818771,-0.33741683704797243,0.8359117794993729,-0.14566519746812293,-0.2852189182039089,-0.16100114803250418,0.8316891265154682,-0.4482164669993729,-0.17938232421875,-0.1546630859375,0.9114990234375,-0.33612060546875,-0.17645263671875,-0.07049560546875,0.8631591796875,-0.46771240234375
101,0.7476004405962584,0.09492579431438126,-0.6001682855612458,-0.2678253275893604,0.9227552126881271,0.31553563146686875,0.035220347120610375,-0.21815577478313128,-0.40765380859375,-0.33758544921875,0.8357897091868729,-0.14562028865750418,-0.2852879144674958,-0.16101380415186037,0.8316650390625,-0.44822299919000835,-0.1794080447193771,-0.1546888064381271,0.9114733029368729,-0.33619776697063125,-0.17650407772000418,-0.07052132596937709,0.8631334591868729,-0.4677381228443771
102,0.74774169921875,0.09503173828125,-0.60009765625,-0.267578125,0.92279052734375,0.31551664728783446,0.03511807751097407,-0.21811678577027593,-0.40765380859375,-0.33758544921875,0.83575439453125,-0.14569091796875,-0.28523177845422243,-0.16086805464830686,0.8316505457645276,-0.4483352712165552,-0.179443359375,-0.15472412109375,0.91143798828125,-0.3363037109375,-0.17661818692516723,-0.07062910711486203,0.8630836512332776,-0.46775894420202757
103,0.7477514975047032,0.09502847218593227,-0.60009765625,-0.26755526233277593,0.92279052734375,0.31578610015154684,0.03556716561716137,-0.21766769766408864,-0.4076505424984323,-0.3375821831234323,0.8357576606265678,-0.14568765187343227,-0.28528485250313546,-0.16119058156093227,0.83160400390625,-0.4482389214046823,-0.17945315766095318,-0.15472085499843227,0.9114347221859322,-0.3363037109375,-0.17676107859531773,-0.07083895373902592,0.863037109375,-0.46771893453438546
104,0.7479009213654891,0.09497866423233696,-0.60009765625,-0.2672066066576087,0.92279052734375,0.31563667629076086,0.035318125849184784,-0.21791673743206522,-0.407600734544837,-0.337532375169837,0.8358074685801631,-0.14563784391983695,-0.2853844684103261,-0.16114077360733695,0.83160400390625,-0.448189113451087,-0.17960258152173914,-0.15467104704483695,0.9113849142323369,-0.3363037109375,-0.17681088654891305,-0.0704902980638587,0.863037109375,-0.4678185504415761
105,0.7479666515337584,0.09501254997125837,-0.6001395030962584,-0.2668997978286998,0.9227486804974916,0.31578018035378347,0.03536201400501672,-0.21787284927623327,-0.40755092659124165,-0.33756626090875835,0.8358572765337584,-0.14554618911998327,-0.2854840843175167,-0.1609235782687082,0.8315621570599916,-0.44830669288252506,-0.17966831169000835,-0.15474677963001673,0.911376953125,-0.33626186409124165,-0.17686069450250835,-0.07051826400501672,0.8629952625287416,-0.46783447265625
106,0.74798583984375,0.09503173828125,-0.60015869140625,-0.26678466796875,0.9226988725438964,0.31607127109897576,0.03564534777382943,-0.21755889586381688,-0.40753173828125,-0.33758544921875,0.83587646484375,-0.1455078125,-0.2853999823630853,-0.16107259386757944,0.8315735883936036,-0.44827239888168896,-0.1796875,-0.15478515625,0.911376953125,-0.33624267578125,-0.1768798828125,-0.070556640625,0.86297607421875,-0.46783447265625
107,0.748005232284699,0.09505113072219899,-0.600197476288148,-0.266648920882107,0.922687849472199,0.316187217482755,0.03583049455215301,-0.21738211845474498,-0.40753173828125,-0.337546664336852,0.835895857284699,-0.145527204940949,-0.28533649763534696,-0.16121895576400502,0.831584611465301,-0.44823932966659696,-0.1796875,-0.154804548690949,0.911357560684051,-0.336281460663148,-0.1768798828125,-0.070556640625,0.862956681777801,-0.467873257538148
108,0.748046875,0.0950927734375,-0.60028076171875,-0.266357421875,0.9227458226640887,0.31601983009772155,0.03575455783601588,-0.21746785345683528,-0.40753173828125,-0.33746337890625,0.8359375,-0.14556884765625,-0.28543693006636706,-0.16105156837897158,0.83154296875,-0.4483642578125,-0.17966300428511706,-0.1548951828360159,0.9113077527304557,-0.33637291133204433,-0.17686355233591136,-0.07060563205476589,0.8629150390625,-0.46796470820704433
109,0.748046875,0.0950927734375,-0.60028076171875,-0.266357421875,0.9228454385712792,0.31626886986569813,0.03605340555758779,-0.21672073415290552,-0.40753173828125,-0.33746337890625,0.8359375,-0.14556884765625,-0.28528750620558113,-0.16130060814694816,0.83154296875,-0.4483642578125,-0.1795135804243311,-0.1551940305575878,0.9112579447768604,-0.3364227192856396,-0.17676393642872074,-0.07090447977633779,0.8629150390625,-0.4680145161606396
110,0.748046875,0.09504602744826506,-0.6004209996864548,-0.2660769459395903,0.9228515625,0.3160971957305602,0.03602503135451505,-0.21690853463367474,-0.40753173828125,-0.33741663291701507,0.8359375,-0.14561559364548496,-0.2853718122909699,-0.16126917197951504,0.8314494767715301,-0.4484577497909699,-0.1796913784881898,-0.15497867239757526,0.9112548828125,-0.3365192732284699,-0.1769447964569398,-0.07068912161632525,0.8628215470840301,-0.4681110701034699
111,0.7480823937865803,0.09496070070808947,-0.6004993859740803,-0.2658491357911789,0.9227450061402592,0.31628867056856186,0.0357976294680184,-0.2170865368284908,-0.40756725706783026,-0.33743786253658026,0.8359019812134197,-0.1455233264527592,-0.28550694698474083,-0.16111280766617894,0.8314208984375,-0.44845080933841974,-0.1798550915159908,-0.15487170777591974,0.9112548828125,-0.33651233277591974,-0.17714402827132106,-0.07065319456783027,0.86279296875,-0.46810412965091974
112,0.74810791015625,0.09490966796875,-0.60052490234375,-0.2657470703125,0.92266845703125,0.31651586832410117,0.03583886392140467,-0.21709021118572325,-0.4075927734375,-0.33746337890625,0.83587646484375,-0.14544677734375,-0.2856077876776756,-0.1611564916910535,0.8314451900214256,-0.44835241821697325,-0.179931640625,-0.15484619140625,0.9112548828125,-0.33648681640625,-0.17724609375,-0.0706787109375,0.86279296875,-0.46807861328125
113,0.7481340389187918,0.09493579673129181,-0.6005118379624791,-0.2656817484061455,0.9226815214125209,0.31655016232493727,0.03608055497491639,-0.2170061092312918,-0.4076058378187709,-0.3374764432875209,0.83587646484375,-0.1454337129624791,-0.28564453125,-0.1613900175062709,0.83148193359375,-0.4482421875,-0.1799447050062709,-0.1548723201687918,0.9112418184312291,-0.3364737520249791,-0.1772591581312709,-0.0706917753187709,0.8627799043687291,-0.46807861328125
114,0.7482354920045987,0.09503357545986622,-0.6004620300088838,-0.2654327086381689,0.9227258178302675,0.31640808717861624,0.03589234623223244,-0.21710756231709866,-0.40765197141513376,-0.3375152281694189,0.8358801392009825,-0.14538941654473245,-0.28564269407138376,-0.1614288023881689,0.83148193359375,-0.4482458618572324,-0.1799908386026338,-0.1549664245401338,0.91119384765625,-0.3364294556072324,-0.1773089660848662,-0.07073790891513378,0.86273193359375,-0.4680822876384824
115,0.7483849158653846,0.09508338341346154,-0.6004122220552884,-0.2651836688701923,0.9226262019230769,0.31645789513221156,0.03599196213942307,-0.2172569861778846,-0.40760216346153844,-0.3372661884014423,0.8359797551081731,-0.14548903245192307,-0.28559288611778844,-0.16117976262019232,0.83148193359375,-0.4483454777644231,-0.17994103064903846,-0.15491661658653846,0.91119384765625,-0.3365290715144231,-0.17735877403846154,-0.07068810096153846,0.86273193359375,-0.4681819035456731
116,0.7484130859375,0.0950927734375,-0.60040283203125,-0.26513671875,0.922607421875,0.31646728515625,0.0360107421875,-0.21728515625,-0.4075119375783863,-0.3373809099994774,0.8359581172266931,-0.1455078125,-0.28554307816419316,-0.16125406628867056,0.8314415156641931,-0.44840467574205684,-0.179931640625,-0.1549072265625,0.91119384765625,-0.3365478515625,-0.1773681640625,-0.0706787109375,0.86273193359375,-0.46820068359375
117,0.7484422766644022,0.09500520125679347,-0.6004320227581522,-0.26499076511548914,0.922607421875,0.3165256666100543,0.0360107421875,-0.2171975840692935,-0.40744151239809784,-0.33737580672554346,0.8359958814538043,-0.14547862177309784,-0.28555165166440216,-0.16125753651494565,0.8314500891644022,-0.44839610224184784,-0.17996083135190216,-0.15484884510869565,0.91119384765625,-0.33657704228940216,-0.17739735478940216,-0.0706787109375,0.8627027428668478,-0.46820068359375
118,0.74847412109375,0.09490966796875,-0.6004638671875,-0.26483154296875,0.922571494826505,0.31675102718697745,0.03606463276024247,-0.21703019668426005,-0.40740966796875,-0.3372802734375,0.8360595703125,-0.14544677734375,-0.28558349609375,-0.16119384765625,0.83148193359375,-0.4483642578125,-0.17999267578125,-0.15478515625,0.91119384765625,-0.33660888671875,-0.17742919921875,-0.0706787109375,0.8626708984375,-0.46820068359375
119,0.7484673847721572,0.09490293164715718,-0.6004773398306856,-0.26481133400397155,0.9224853515625,0.31712519923181437,0.03620058397784281,-0.21688485544262123,-0.4074164042903428,-0.33729374608068563,0.8360595703125,-0.14541309573578595,-0.28558349609375,-0.16120732029943563,0.8314886699153428,-0.44833731252612874,-0.18000614842443563,-0.15480536521477842,0.91119384765625,-0.33658867775397155,-0.17744267186193563,-0.07069218358068562,0.8626776347590928,-0.46818047462897155
120,0.7484175768185619,0.09485312369356187,-0.6005769557378763,-0.26466191014318563,0.9224853515625,0.31702558332462377,0.03625039193143813,-0.2170840872570025,-0.40746621224393814,-0.33739336198787623,0.8360595703125,-0.14516405596780937,-0.28558349609375,-0.16130693620662626,0.8315384778689381,-0.4481380807117475,-0.18010576433162626,-0.15495478907556437,0.91119384765625,-0.33643925389318563,-0.17754228776912626,-0.07079179948787626,0.8627274427126881,-0.46803105076818563
121,0.7484130859375,0.09498458403010034,-0.6006312545725334,-0.26451248628239965,0.9223947174174331,0.31724318692516723,0.03688932182796823,-0.21701141663618312,-0.40751602019753347,-0.33726639253239965,0.8360142532399666,-0.14527755278010032,-0.28562881316628347,-0.16122528382368312,0.8314976516774666,-0.44825606840510035,-0.17997879487614968,-0.15501357879128344,0.9111485305837166,-0.33656173246760035,-0.17741531831364968,-0.07084609832253344,0.86273193359375,-0.4681082122700669
122,0.7484130859375,0.09503173828125,-0.60064697265625,-0.26446533203125,0.92236328125,0.31732177734375,0.037109375,-0.21697998046875,-0.40749764841137126,-0.33725332815112874,0.8360326250261287,-0.14529061716137123,-0.28557635151024247,-0.16122793752612877,0.83148193359375,-0.44830322265625,-0.179931640625,-0.155029296875,0.9111328125,-0.33660888671875,-0.1773681640625,-0.07086181640625,0.86273193359375,-0.4681396484375
123,0.7484130859375,0.09496315027957776,-0.6006926979906981,-0.2644196066968018,0.9223175559155519,0.3174589533470945,0.03706364966555184,-0.2169571178015259,-0.40744784045777593,-0.3372345481030518,0.8360824329797241,-0.14530939720944816,-0.2855224609375,-0.1612320201452759,0.8314590709265259,-0.4483489479906982,-0.179931640625,-0.15498357154055184,0.9111328125,-0.3366546120531982,-0.17741388939694816,-0.07083895373902592,0.8626862082593019,-0.4681853737719482
124,0.7484130859375,0.0948486328125,-0.60076904296875,-0.26434326171875,0.9222412109375,0.3177810719978052,0.03701057561663879,-0.2168142261313754,-0.40740966796875,-0.337158203125,0.83612060546875,-0.1453857421875,-0.2855224609375,-0.16119384765625,0.8314208984375,-0.44842529296875,-0.179931640625,-0.1549072265625,0.9111328125,-0.33673095703125,-0.177490234375,-0.07080078125,0.86260986328125,-0.46826171875
125,0.7484126776755853,0.09484659150292642,-0.6007698594925794,-0.2643428534568353,0.9222403944136706,0.3181766777931647,0.03711019152382943,-0.21637126195390885,-0.40740966796875,-0.3371586113869147,0.8361210137306647,-0.145382884354097,-0.28552368572324416,-0.16119425591816472,0.8314217149613294,-0.4484228433972617,-0.17993245714882944,-0.15490804308632944,0.9111332207619147,-0.3367289157216764,-0.17749145916074416,-0.07080159777382942,0.8626106798050794,-0.4682600857023411
126,0.74836286972199,0.09459755173494984,-0.6008694753997701,-0.26429304550323995,0.9221407785064799,0.31822648574676005,0.037209807431020064,-0.21657049376829013,-0.40740966796875,-0.33720841934051005,0.83617082168426,-0.14503422867892976,-0.2856731095840301,-0.16124406387176005,0.8315213308685201,-0.4481239956756898,-0.18003207305602006,-0.15500765899352006,0.91118302871551,-0.3364798759536998,-0.1776408830215301,-0.07090121368102006,0.8627102957122701,-0.46806085388795987
127,0.74835205078125,0.09458244604410534,-0.6009301022941054,-0.2642822265625,0.9220411625992893,0.3185492167903428,0.03777729149247491,-0.21641882446697325,-0.4074486569816054,-0.33721923828125,0.8361426516121446,-0.14499748510660534,-0.2857445554191054,-0.16129387182535534,0.8315039797371446,-0.4480980710441054,-0.18009269995035534,-0.15506828588785534,0.9112328366691054,-0.33630881421143394,-0.17771232885660534,-0.07096184057535534,0.8627709226066054,-0.4678616220735786
128,0.74835205078125,0.0946044921875,-0.6009521484375,-0.2642822265625,0.9219970703125,0.3187255859375,0.0380859375,-0.21630859375,-0.40749846493520064,-0.33721923828125,0.83612060546875,-0.14488072219899667,-0.2857666015625,-0.16131591796875,0.8315374572141513,-0.4480090699466973,-0.18011474609375,-0.15509033203125,0.9112548828125,-0.33624267578125,-0.177734375,-0.07098388671875,0.86279296875,-0.4677734375
129,0.74835205078125,0.09467063061768394,-0.600935613829954,-0.26426569195495403,0.921980535704954,0.3188082589752299,0.038102472107545984,-0.21625898992736203,-0.40753173828125,-0.337186169066158,0.836137140076296,-0.14476395929138797,-0.2857666015625,-0.16128284875365803,0.831587469298704,-0.44794211499268394,-0.180098211486204,-0.15504072820861203,0.911238348204954,-0.33629227960388797,-0.177734375,-0.07093428289611205,0.862776434142454,-0.46782304132263797
130,0.74835205078125,0.0948486328125,-0.60089111328125,-0.26422119140625,0.9219307277513586,0.3190466839334239,0.03815758746603261,-0.2161307956861413,-0.40753173828125,-0.33709716796875,0.836181640625,-0.1448974609375,-0.2857666015625,-0.16119384765625,0.83154296875,-0.4481201171875,-0.1800537109375,-0.1549072265625,0.91119384765625,-0.33642578125,-0.177734375,-0.07080078125,0.86273193359375,-0.46795654296875
131,0.74835205078125,0.0948486328125,-0.60089111328125,-0.26422119140625,0.9218809197977634,0.31919610779420987,0.03825720337322324,-0.21618060363973662,-0.40753173828125,-0.33709716796875,0.836181640625,-0.1448974609375,-0.2857666015625,-0.16119384765625,0.83154296875,-0.4481201171875,-0.1800537109375,-0.1549072265625,0.91119384765625,-0.33642578125,-0.177734375,-0.07080078125,0.86273193359375,-0.46795654296875
132,0.74835205078125,0.09498029727999582,-0.60089111328125,-0.26422119140625,0.9219188881558319,0.3191260908758361,0.03826904296875,-0.21609874712583613,-0.40748785012541805,-0.3370093916570861,0.8362255287808319,-0.14494134909333195,-0.2856349370950042,-0.16123773581208195,0.83154296875,-0.44816400534333195,-0.17996593462583613,-0.1549072265625,0.91119384765625,-0.33642578125,-0.17777826315583195,-0.07075689309416806,0.8626880454379181,-0.4680443192804139
133,0.7482867288748954,0.09509706018760451,-0.6009237742344272,-0.26422119140625,0.9219033742030728,0.3191571187813545,0.03836702582828177,-0.21603179217182275,-0.40734005931229095,-0.33710574146895905,0.8362753367344272,-0.14495849609375,-0.2854201913278637,-0.16138552662520902,0.8315756297031772,-0.44818115234375,-0.17983365776546822,-0.15503787037520902,0.9112265086094272,-0.33642578125,-0.17766476634354098,-0.07083772895328178,0.8627035593906772,-0.4680459523280727
134,0.74822998046875,0.09515380859375,-0.6009521484375,-0.26422119140625,0.921875,0.3192138671875,0.0384521484375,-0.21600341796875,-0.4072265625,-0.33721923828125,0.8363037109375,-0.14495849609375,-0.2852783203125,-0.1614990234375,0.83160400390625,-0.44818115234375,-0.17974853515625,-0.1551513671875,0.9112548828125,-0.33642578125,-0.17755126953125,-0.0709228515625,0.86273193359375,-0.468017578125
135,0.7481789477294105,0.09515380859375,-0.6010133877247074,-0.26422119140625,0.921875,0.3191934540917642,0.038441941889632104,-0.21602383106448578,-0.4071755297606605,-0.33721923828125,0.8363139174853679,-0.14500952883308946,-0.2852477006688963,-0.16153984962897158,0.8315835908105143,-0.44822197853522155,-0.17971791551264632,-0.15519219337897158,0.9112344697167643,-0.3364768139893395,-0.17753085643551422,-0.07094326465823579,0.8627013139501464,-0.4680686108643395
136,0.747929907961434,0.09515380859375,-0.6013122354462792,-0.26422119140625,0.921875,0.3190938381845736,0.03839213393603679,-0.21612344697167643,-0.40692648999268394,-0.33721923828125,0.8363637254389632,-0.14525856860106606,-0.2850982768081104,-0.16173908144335283,0.8314839749033236,-0.44842121034960286,-0.17956849165186037,-0.15539142519335283,0.9111348538095736,-0.33672585375731606,-0.17743124052832357,-0.07104288056542642,0.8625518900893604,-0.46831765063231606
137,0.7477784427910744,0.09490987209970736,-0.6016110831678512,-0.26422119140625,0.921875,0.31904300957619147,0.03785445299435619,-0.21641821207410117,-0.4072628978104097,-0.33717045098244147,0.8362671714961329,-0.14497094808214883,-0.2854367259354097,-0.16184073866011706,0.8314331462949415,-0.4482789310723244,-0.17995572807796822,-0.1553955078125,0.9110840252011915,-0.3365845951348244,-0.17781949760921822,-0.07114249647261706,0.862548828125,-0.46822517930863294
138,0.74774169921875,0.0948486328125,-0.6016845703125,-0.26422119140625,0.921875,0.31903076171875,0.0377197265625,-0.21649169921875,-0.4070857121394231,-0.33712064302884615,0.8363553560697116,-0.14508526141826922,-0.2853346604567308,-0.16182767427884615,0.8314208984375,-0.44839242788461536,-0.17982835036057693,-0.15532038762019232,0.9110342172475961,-0.3367732121394231,-0.1777672400841346,-0.07105431189903846,0.8624737079326923,-0.4683884840745192
139,0.7476363676447534,0.09471696834500419,-0.6017635689929975,-0.26432652298024667,0.9218223342130016,0.3191097603992475,0.037588062095004184,-0.21659703079274664,-0.40692138671875,-0.3371761666492475,0.83642578125,-0.14501830646425587,-0.28521728515625,-0.16193586368624582,0.8314735642244984,-0.448328330764005,-0.17971383289349915,-0.15537876907399664,0.9110634079744984,-0.33672973224550584,-0.17772600563074833,-0.07106288539924749,0.8624794235994984,-0.46840052780100333
140,0.74749755859375,0.09454345703125,-0.60186767578125,-0.26446533203125,0.9217378239966555,0.31924407856918896,0.03739944509040552,-0.21676605122543896,-0.40692138671875,-0.3372802734375,0.83642578125,-0.144775390625,-0.28521728515625,-0.162109375,0.83154296875,-0.4481201171875,-0.17974853515625,-0.155517578125,0.9111328125,-0.33648681640625,-0.17779541015625,-0.0711669921875,0.862548828125,-0.46826171875
141,0.7474898016173704,0.09454345703125,-0.6018754327576296,-0.2644730890076296,0.92169189453125,0.3193359375,0.0373690295777592,-0.2168540316680602,-0.4069252652069398,-0.3372841519256898,0.8364219027618102,-0.14476763364862041,-0.28521728515625,-0.16211713197637959,0.83154296875,-0.4481123602111204,-0.1797524136444398,-0.15552533510137959,0.9111328125,-0.3364790594298704,-0.1777992886444398,-0.07117087067568979,0.8625527066131898,-0.4682539617736204
142,0.7473901857101798,0.09454345703125,-0.6019750486648202,-0.2645727049148202,0.92169189453125,0.3193359375,0.037568261392140465,-0.2168042237144649,-0.4069750731605351,-0.3373339598792851,0.8363720948082148,-0.14466801774142976,-0.28521728515625,-0.16221674788357024,0.83154296875,-0.4480127443039298,-0.1798022215980351,-0.15562495100857024,0.9111328125,-0.3363794435226798,-0.1778490965980351,-0.07122067862928512,0.8626025145667852,-0.4681543458664298
143,0.7473330290421195,0.09458591627038043,-0.6020322053328805,-0.26454494310461957,0.92169189453125,0.31937839673913043,0.037767493206521736,-0.2166694972826087,-0.40706734035326086,-0.33734130859375,0.83636474609375,-0.14469577955163043,-0.28525974439538043,-0.1622314453125,0.8315005095108695,-0.44804050611413043,-0.17985202955163043,-0.1556396484375,0.9111328125,-0.33644966457201086,-0.17802628226902173,-0.07118556810461957,0.8625249448029891,-0.46818210767663043
144,0.747314453125,0.0946044921875,-0.60205078125,-0.2645263671875,0.92169189453125,0.31939697265625,0.037841796875,-0.21661376953125,-0.40713572422397576,-0.33731007655727424,0.8363335140572743,-0.14468312343227424,-0.2853407843854515,-0.1622314453125,0.8314507015572743,-0.44809031406772576,-0.17990183750522576,-0.1556396484375,0.9111015804635243,-0.33648681640625,-0.1781005859375,-0.0711669921875,0.86248779296875,-0.46820068359375
145,0.7473544627926422,0.09462449702132107,-0.6020107715823578,-0.2644863575198579,0.92169189453125,0.3194569871577132,0.03778178237353679,-0.21657375986360786,-0.4071855321775711,-0.3372802734375,0.8363037109375,-0.1446533203125,-0.2854203954588211,-0.16221144047867894,0.8314208984375,-0.4481001123536789,-0.17997165029264214,-0.15561964360367894,0.91107177734375,-0.33648681640625,-0.1781606004389632,-0.07112698251985786,0.862467788134929,-0.4682206884275711
146,0.7474365234375,0.09466552734375,-0.6019287109375,-0.264404296875,0.92169189453125,0.319580078125,0.03772013482441471,-0.21649169921875,-0.4072265625,-0.3372802734375,0.8363037109375,-0.1446533203125,-0.28546142578125,-0.16217041015625,0.8314208984375,-0.44805908203125,-0.1800537109375,-0.15557861328125,0.91107177734375,-0.33648681640625,-0.17828369140625,-0.071044921875,0.8624267578125,-0.46826171875
147,0.7474365234375,0.09466552734375,-0.6019287109375,-0.264404296875,0.92169189453125,0.319580078125,0.038068790499581937,-0.21649169921875,-0.4072265625,-0.3372802734375,0.8363037109375,-0.1446533203125,-0.28546142578125,-0.16217041015625,0.8314208984375,-0.44805908203125,-0.1800537109375,-0.15557861328125,0.91107177734375,-0.33648681640625,-0.17828369140625,-0.071044921875,0.8624267578125,-0.46826171875
148,0.747578598583821,0.09466552734375,-0.601786635791179,-0.264356938492893,0.921644536149143,0.319627436507107,0.03789650397157191,-0.216444340836643,-0.407273920882107,-0.3372802734375,0.836256352555393,-0.144605961930393,-0.285556142545464,-0.16217041015625,0.831468256819607,-0.447964365267036,-0.180101069319607,-0.155531254899143,0.911119135725857,-0.336392099642036,-0.17837840817046405,-0.07109228025710702,0.8624267578125,-0.468214360367893
149,0.747728022444607,0.09470165852320234,-0.601637211930393,-0.2642709993598453,0.921630859375,0.31978563799905935,0.037841796875,-0.216322270524143,-0.40714307293844065,-0.3372080110785953,0.836351069319607,-0.14462841633570234,-0.28554736491429766,-0.16213427897679766,0.83148193359375,-0.44797314289820234,-0.18007861491429766,-0.155517578125,0.9111328125,-0.33636474609375,-0.17844189289820234,-0.07099756349289298,0.8624267578125,-0.46820068359375
150,0.747802734375,0.0947265625,-0.6015625,-0.26422119140625,0.921630859375,0.31988525390625,0.037841796875,-0.21624755859375,-0.4070932649848453,-0.3372080110785953,0.8363759732964047,-0.1446533203125,-0.2855224609375,-0.162109375,0.83148193359375,-0.447998046875,-0.1800537109375,-0.155517578125,0.9111328125,-0.33636474609375,-0.178466796875,-0.0709228515625,0.8624267578125,-0.46820068359375
151,0.747843764697429,0.09475391604828595,-0.601535146451714,-0.2641938378579641,0.921630859375,0.3199126074545359,0.03791018074571488,-0.21622020504546405,-0.4071928808920359,-0.337293950211643,0.836290034163357,-0.1446533203125,-0.2855498144857859,-0.16209569822585704,0.83148193359375,-0.447998046875,-0.18008106448578595,-0.155517578125,0.911119135725857,-0.33636474609375,-0.17848047364914296,-0.07090917478835702,0.8624267578125,-0.46820068359375
152,0.7479882894152383,0.09485108238398829,-0.6014355305445234,-0.2640966715222617,0.9216284098035117,0.3200097737902383,0.038156770942203176,-0.21612548828125,-0.4072826985132734,-0.3373388590222617,0.8362451253527383,-0.1446557698839883,-0.2856396321070234,-0.1620458902722617,0.83148193359375,-0.4480004964464883,-0.18017088210702342,-0.1555151285535117,0.9110742269152383,-0.3363671956652383,-0.17852293288827342,-0.07085936683476171,0.8624267578125,-0.4682031331652383
153,0.7480380973688336,0.09490089033758362,-0.6013359146373328,-0.2640468635686664,0.9215786018499164,0.3200595817438336,0.03835600275658444,-0.21612548828125,-0.40718308260608277,-0.3372890510686664,0.8362949333063336,-0.14470557783758362,-0.28554001619983277,-0.16199608231866638,0.83148193359375,-0.4480503044000836,-0.18007126619983277,-0.15546532059991638,0.9111240348688336,-0.3364170036188336,-0.17842331698108277,-0.07080955888116638,0.8624267578125,-0.4682529411188336
154,0.748046875,0.09490966796875,-0.601318359375,-0.2640380859375,0.92156982421875,0.320068359375,0.03839111328125,-0.21612548828125,-0.4072886183110368,-0.3372802734375,0.8362216502926422,-0.14471435546875,-0.2856045215823579,-0.16202833500992894,0.831440903271321,-0.44805908203125,-0.18013577158235786,-0.15545654296875,0.911091782177571,-0.3364668115724289,-0.17848782236360786,-0.07080078125,0.862385727490071,-0.46826171875
155,0.7480766781197743,0.0948500617292015,-0.601318359375,-0.26400828281772576,0.9215400210989757,0.3201577687343227,0.03830170392192726,-0.21609568516147576,-0.4073486328125,-0.33725047031772576,0.8362114437447743,-0.14468455234897576,-0.2857041374895485,-0.16198873360420152,0.8314507015572743,-0.4479994757917015,-0.18020558436977424,-0.15539693672920152,0.9111015804635243,-0.3364272101667015,-0.17861724139057275,-0.0707411750104515,0.86236572265625,-0.46826171875
156,0.74810791015625,0.09478759765625,-0.601318359375,-0.26397705078125,0.9215087890625,0.32025146484375,0.0382080078125,-0.216064453125,-0.4073486328125,-0.33721923828125,0.83624267578125,-0.1446533203125,-0.2857666015625,-0.16192626953125,0.83148193359375,-0.44793701171875,-0.18023681640625,-0.15533447265625,0.9111328125,-0.33636474609375,-0.1787109375,-0.0706787109375,0.86236572265625,-0.46826171875
157,0.7481152588707148,0.09480229508517976,-0.6013110106605352,-0.2639623533523202,0.9215161377769648,0.3202441161292851,0.03818596166910535,-0.2160571044105351,-0.4073486328125,-0.33721923828125,0.83624267578125,-0.14463862288357024,-0.2857666015625,-0.1619189208167851,0.8314892823082148,-0.4479296630042851,-0.1802294676917851,-0.1553271239417851,0.9111401612144648,-0.3363573973792851,-0.1787035887855351,-0.07067136222303512,0.8623804200851798,-0.4682470213210702
158,0.7481650668243102,0.0949019109923704,-0.6012612027069398,-0.2638627374451296,0.9215659457305602,0.3201943081756898,0.0380365378083194,-0.2160072964569398,-0.4073486328125,-0.33721923828125,0.83624267578125,-0.14453900697637959,-0.2857666015625,-0.1618691128631898,0.8315390902618102,-0.4478798550506898,-0.1801796597381898,-0.1552773159881898,0.9111899691680602,-0.3363075894256898,-0.1786537808319398,-0.07062155426943979,0.8624800359923704,-0.4681474054138796
159,0.7481689453125,0.0951852447611831,-0.60125732421875,-0.26376312153793896,0.9216157536841555,0.32005264129128347,0.03802490234375,-0.21595748850334448,-0.4073486328125,-0.3371733088158445,0.83624267578125,-0.14480682679243312,-0.28567474263168896,-0.161865234375,0.8314051803537834,-0.4481515533549331,-0.18008392231918896,-0.15531936696540552,0.911101988725439,-0.3365792877299331,-0.17855804341293896,-0.07061767578125,0.8623500045725334,-0.46836929576452757
160,0.7481689453125,0.09527587890625,-0.60125732421875,-0.26373291015625,0.921630859375,0.32000732421875,0.03802490234375,-0.2159423828125,-0.4073833350752508,-0.337158203125,0.8362079735184992,-0.14486275867474915,-0.28564453125,-0.161865234375,0.8313945655440008,-0.4481727829744983,-0.18008841320025085,-0.15533447265625,0.91107177734375,-0.3366005173494983,-0.17856253429400085,-0.07061767578125,0.8623393897627508,-0.4684101219559992
161,0.7481454702524039,0.09525240384615384,-0.6013042743389423,-0.26370943509615385,0.9216073843149039,0.32007774939903844,0.037977952223557696,-0.21591890775240385,-0.4074566180889423,-0.337158203125,0.836181640625,-0.14481295072115385,-0.2856914813701923,-0.161865234375,0.8313974233774039,-0.44814359224759615,-0.18013822115384615,-0.15533447265625,0.91107177734375,-0.33657132662259615,-0.17861234224759615,-0.07064115084134616,0.8623187725360577,-0.4684307391826923
162,0.74810791015625,0.09521484375,-0.60137939453125,-0.263671875,0.92156982421875,0.3201904296875,0.03790283203125,-0.21588134765625,-0.40753173828125,-0.337158203125,0.836181640625,-0.144775390625,-0.2857666015625,-0.161865234375,0.83135986328125,-0.44818115234375,-0.18017578125,-0.15533447265625,0.91107177734375,-0.33660888671875,-0.17864990234375,-0.0706787109375,0.86224365234375,-0.468505859375
163,0.7481089308110368,0.09521484375,-0.6013783738764632,-0.2636708543452132,0.92156982421875,0.3201924709970736,0.03790589399561037,-0.21588134765625,-0.4075327589360368,-0.3371561618154264,0.836181640625,-0.1447743699702132,-0.2857686428720736,-0.16186217241063963,0.83135986328125,-0.4481801316889632,-0.18017782255957357,-0.15533141069188963,0.91107177734375,-0.33660888671875,-0.17865398496289717,-0.07067564897313963,0.86224365234375,-0.4685048387202132
164,0.7481587387646321,0.09521484375,-0.6013285659228679,-0.2636210463916179,0.92156982421875,0.3202920869042642,0.03805531785639632,-0.21588134765625,-0.4075825668896321,-0.3370565459082358,0.836181640625,-0.1447245620166179,-0.2858682587792642,-0.16171274854985368,0.83135986328125,-0.4481303237353679,-0.18027743846676422,-0.15518198683110368,0.91107177734375,-0.33660888671875,-0.17885321677727842,-0.07052622511235368,0.86224365234375,-0.4684550307666179
165,0.7481689453125,0.09517524234427258,-0.601318359375,-0.2636504412494774,0.9215302228130225,0.32039170281145485,0.03828394452863712,-0.21588134765625,-0.4075927734375,-0.3370757342182274,0.836181640625,-0.14467475406302258,-0.2859282732807274,-0.16168212890625,0.8314390660927048,-0.44800131297031776,-0.1802978515625,-0.1551513671875,0.91107177734375,-0.33652968390729515,-0.17889404296875,-0.07053520687447742,0.8622832537494775,-0.4684052228130226
166,0.7481689453125,0.09515380859375,-0.601318359375,-0.263671875,0.9215087890625,0.3204345703125,0.03839111328125,-0.21588134765625,-0.4076211476405727,-0.3370687937656773,0.836181640625,-0.14459657190635453,-0.28594970703125,-0.16168212890625,0.83148193359375,-0.44793701171875,-0.1802978515625,-0.15512299298442725,0.9111001515468228,-0.3364584422031773,-0.17886566876567725,-0.07052826642192726,0.8623046875,-0.4683554148594273
167,0.7481860923129181,0.09517095559416806,-0.6013012123745819,-0.263671875,0.9214916420620819,0.3204688643133361,0.03835681928041388,-0.21589849465666805,-0.40765380859375,-0.3370018388116639,0.8361987876254181,-0.14453125,-0.28594970703125,-0.16164783490541387,0.8314647865933319,-0.44795415871916805,-0.18031499856291805,-0.15505603803041387,0.9111328125,-0.33642578125,-0.17885015481291805,-0.07046131146791389,0.8623046875,-0.4683570479070861
168,0.74822998046875,0.09521484375,-0.60125732421875,-0.263671875,0.92144775390625,0.320556640625,0.03826904296875,-0.2159423828125,-0.40765380859375,-0.3369140625,0.83624267578125,-0.14453125,-0.28594970703125,-0.16156005859375,0.8314208984375,-0.447998046875,-0.18035888671875,-0.15496826171875,0.9111328125,-0.33642578125,-0.17889404296875,-0.07037353515625,0.8623046875,-0.46844482421875
169,0.74822998046875,0.09521484375,-0.60125732421875,-0.263671875,0.92144775390625,0.320556640625,0.03826904296875,-0.2159423828125,-0.40765380859375,-0.3369140625,0.83624267578125,-0.14453125,-0.28594970703125,-0.16156005859375,0.8314208984375,-0.447998046875,-0.18035888671875,-0.15496826171875,0.9111328125,-0.33642578125,-0.17889404296875,-0.07037353515625,0.8623046875,-0.46844482421875
170,0.748185479920046,0.09521484375,-0.60125732421875,-0.26371637554870403,0.9213587528088419,0.320645641722408,0.03826904296875,-0.21607588445861203,-0.40765380859375,-0.337003063597408,0.83624267578125,-0.14439774835388797,-0.28594970703125,-0.16169356023986203,0.8315098995349081,-0.44786454522888797,-0.18026988562134197,-0.155012762267454,0.911177313048704,-0.33629227960388797,-0.17880504187134197,-0.07046253625365802,0.8623936885974081,-0.46826682202393394
171,0.7482022186585493,0.09534793713419731,-0.6011907775266513,-0.26373291015625,0.9213589569397993,0.32064543759145064,0.03830231631479933,-0.21612548828125,-0.40758726190165134,-0.3370361328125,0.83624267578125,-0.1444812379154473,-0.28591643368520064,-0.16170989071645067,0.8315096954039507,-0.447914761444398,-0.18013699636810201,-0.15506257022104933,0.91119384765625,-0.336342495819398,-0.17867215261810201,-0.07049560546875,0.8623934844664507,-0.46826723028584866
172,0.74822998046875,0.095458984375,-0.60113525390625,-0.26373291015625,0.92138671875,0.32061767578125,0.038330078125,-0.21612548828125,-0.40759787671143394,-0.3370361328125,0.8362206296378554,-0.14459228515625,-0.285888671875,-0.16168212890625,0.83148193359375,-0.447998046875,-0.18009780322428928,-0.15506828588785534,0.91119384765625,-0.33642578125,-0.17865500561768394,-0.0704515131819607,0.86236572265625,-0.46832275390625
173,0.74824079940949,0.09549144119721989,-0.6011136160247701,-0.26374372909698995,0.92138671875,0.3206393136627299,0.03834089706573997,-0.21607139357755017,-0.4076932058685201,-0.3370144949310201,0.83619245956574,-0.14461392303772994,-0.28589949081573995,-0.16166049102477006,0.83147111465301,-0.44800886581573995,-0.18015414336852006,-0.15500765899352006,0.91119384765625,-0.3364474191314799,-0.17875033477477006,-0.07035189727477006,0.86235490371551,-0.4683443917877299
174,0.7482906073630853,0.09564086505800586,-0.6010140001175794,-0.2637935370505853,0.92138671875,0.32073892956992056,0.03839070501933528,-0.21582235380957357,-0.40759358996132944,-0.33691487902382944,0.8362422675193353,-0.14471353894492056,-0.2859492987693353,-0.16156087511757944,0.8314213066994147,-0.4480586737693353,-0.18005452746132944,-0.15490804308632944,0.91119384765625,-0.33654703503867056,-0.17865071886757944,-0.07025228136757944,0.8623050957619147,-0.46844400769492056
175,0.7483404153166806,0.09569148953543061,-0.6009637839020694,-0.2637939453125,0.9214361184416806,0.32073974609375,0.0382923138978888,-0.2157709128083194,-0.4075433737458194,-0.3369140625,0.8362920754729306,-0.1447637551604306,-0.2858509076478888,-0.1615106589020694,0.8314208984375,-0.4481084817229306,-0.17995491155413879,-0.1549072265625,0.91119384765625,-0.3365972512541806,-0.1786005026520694,-0.07020206515206939,0.8623046875,-0.4684942239104306
176,0.74835205078125,0.095703125,-0.6009521484375,-0.2637939453125,0.92144775390625,0.32073974609375,0.03845990541387959,-0.21568293236569816,-0.4076080832593018,-0.3368377175219482,0.8362655384484741,-0.1448135631140259,-0.28594215418582775,-0.1614608509484741,0.8313827259484741,-0.44815828967652593,-0.18004615809207775,-0.15483088158444816,0.9111556751672241,-0.33664705920777593,-0.17866521216555184,-0.07015225719847408,0.8622665150109741,-0.46854403186402593
177,0.7483789960676213,0.09567617971362877,-0.6008982578647575,-0.26382089059887126,0.92144775390625,0.32079363666649247,0.03857421875,-0.21552942588576504,-0.40759991802100753,-0.3367919921875,0.8362696210676213,-0.14480948049487877,-0.28598379690112874,-0.16143798828125,0.83135986328125,-0.44820809763012126,-0.18006085552100753,-0.15478515625,0.9111597577863713,-0.33661603130225753,-0.17868399221362877,-0.07012939453125,0.86224365234375,-0.46859383981762126
178,0.7484130859375,0.09564208984375,-0.600830078125,-0.26385498046875,0.92144775390625,0.32086181640625,0.03857421875,-0.21539306640625,-0.40754745636496653,-0.33680771027121653,0.8362879928537834,-0.14482254487614965,-0.28594970703125,-0.16143798828125,0.83135986328125,-0.4482421875,-0.18000839386496656,-0.15481659241743312,0.9111781295725334,-0.33659500581364965,-0.17864990234375,-0.07012939453125,0.86224365234375,-0.4686279296875
179,0.7484130859375,0.09561963543844064,-0.600830078125,-0.26385498046875,0.9214432630251881,0.32087528904943563,0.03857870963106187,-0.21539755728731186,-0.40758828255643814,-0.33684853646268814,0.8362471666623119,-0.1449450234505644,-0.28594970703125,-0.16143349740018814,0.8313643541623119,-0.4482332057378763,-0.18005820181856186,-0.15490273568143814,0.9111373033810619,-0.3367129935070025,-0.17864990234375,-0.07012939453125,0.8622481432248119,-0.4686189479253763
180,0.7484130859375,0.09537059567046405,-0.600830078125,-0.26385498046875,0.9213934550715928,0.32102471291022155,0.03862851758465719,-0.21544736524090718,-0.4075384746028428,-0.3367987285090928,0.8362969746159072,-0.14479559958977842,-0.28594970703125,-0.16138368944659282,0.8314141621159072,-0.44813358983068563,-0.18010800977215718,-0.15485292772784282,0.9111871113346572,-0.33651376169262126,-0.17864990234375,-0.07012939453125,0.8622979511784072,-0.46851933201818563
181,0.7483700143054975,0.09529384243049749,-0.600916221389005,-0.26385498046875,0.9213436471179975,0.321044921875,0.038721397170255016,-0.2154971731945025,-0.407617881545255,-0.3367919921875,0.8363037109375,-0.1447323189929975,-0.2859927786632525,-0.161376953125,0.8314208984375,-0.4481201171875,-0.18020088935775502,-0.15484619140625,0.9111507760242475,-0.33648681640625,-0.17877911723975753,-0.07012939453125,0.8623046875,-0.4684627877429975
182,0.74835205078125,0.09527587890625,-0.6009521484375,-0.26385498046875,0.9213575280230978,0.321044921875,0.038725479789402176,-0.2154196034307065,-0.40762196416440216,-0.3367919921875,0.8363037109375,-0.14474619989809784,-0.2860107421875,-0.161376953125,0.8314208984375,-0.4481201171875,-0.18017312754755435,-0.15481434697690216,0.9111646569293478,-0.33651866083559784,-0.17880116338315216,-0.07016123896059782,0.8622728430706522,-0.4685085130774457
183,0.7483108163278637,0.09525526167955686,-0.6009933828908863,-0.26385498046875,0.9214073359766931,0.32106553910169316,0.03865505460911371,-0.21527017956992056,-0.4076340078908863,-0.3367507577341137,0.8363037109375,-0.144775390625,-0.2860107421875,-0.16133571867161373,0.8314002812108069,-0.4481613516408863,-0.18013536332044314,-0.15476453902330686,0.9111732304295569,-0.3365890860158863,-0.17875135542955686,-0.07014919523411371,0.86224365234375,-0.46858751175794316
184,0.74822998046875,0.09521484375,-0.60107421875,-0.26385498046875,0.92144775390625,0.32110595703125,0.03857421875,-0.21514892578125,-0.40771484375,-0.336669921875,0.8363037109375,-0.144775390625,-0.2860107421875,-0.1612548828125,0.83135986328125,-0.4482421875,-0.18017578125,-0.15472412109375,0.9111328125,-0.336669921875,-0.1787109375,-0.070068359375,0.86224365234375,-0.4686279296875
185,0.74822998046875,0.09521484375,-0.60107421875,-0.26385498046875,0.92144775390625,0.32110595703125,0.03857421875,-0.21514892578125,-0.40771484375,-0.336669921875,0.8363037109375,-0.144775390625,-0.2860107421875,-0.1612548828125,0.83135986328125,-0.4482421875,-0.18017578125,-0.15472412109375,0.9111328125,-0.336669921875,-0.1787109375,-0.070068359375,0.86224365234375,-0.4686279296875
186,0.7481820096937709,0.0951668729750209,-0.6011701602999582,-0.26385498046875,0.9213997831312709,0.3211539278062291,0.03847827720004181,-0.21514892578125,-0.4078107852999582,-0.3365739803250418,0.8363037109375,-0.144775390625,-0.2861066837374582,-0.1611589412625418,0.8313118925062709,-0.4482901582749791,-0.1802717227999582,-0.1546281795437918,0.9111807832749791,-0.3365739803250418,-0.1788548498249373,-0.0700203886000209,0.8621956815687709,-0.4686279296875
187,0.7481322017401756,0.09515380859375,-0.6012330326348244,-0.2638917240410744,0.9213499751776756,0.3213507100491221,0.0387093534437709,-0.21507543863660117,-0.4078736576348244,-0.3365845951348244,0.8362669673651756,-0.14473864705267558,-0.2861695560723244,-0.16116955607232442,0.8313723152696488,-0.44815624836695234,-0.18033459513482442,-0.15463879435357442,0.9111571040839256,-0.3365478515625,-0.17893078654107442,-0.07008081136339883,0.8621826171875,-0.4686279296875
188,0.74810791015625,0.09515380859375,-0.60125732421875,-0.263916015625,0.92132568359375,0.32147216796875,0.03887939453125,-0.21502685546875,-0.40789794921875,-0.33658337034908026,0.8362681921509197,-0.14461228999007109,-0.28619384765625,-0.16119384765625,0.8314208984375,-0.44805908203125,-0.18033337034908026,-0.1546630859375,0.9111838452393395,-0.3364457860838211,-0.17890404538566054,-0.07012939453125,0.8622591662965092,-0.46850034783915134
189,0.7480936209892349,0.0952395435958403,-0.60125732421875,-0.263916015625,0.9213399727607651,0.32147216796875,0.0389937078673704,-0.21495540963367474,-0.40791223838576507,-0.3365478515625,0.8362894217704849,-0.1444987931777801,-0.28617955848923493,-0.16120813682326504,0.8314066092704849,-0.44810194953229515,-0.18028356239548496,-0.1546916642715301,0.9112405936454849,-0.3363322892715301,-0.1788330078125,-0.07014368369826506,0.8623514334892349,-0.46833704307326507
190,0.748046875,0.09552001953125,-0.60125732421875,-0.263916015625,0.92138671875,0.32147216796875,0.03936767578125,-0.2147216796875,-0.407958984375,-0.3365478515625,0.83624267578125,-0.14459228515625,-0.2861328125,-0.1612548828125,0.83135986328125,-0.4482421875,-0.18023681640625,-0.15478515625,0.91119384765625,-0.33642578125,-0.1788330078125,-0.0701904296875,0.8623046875,-0.4683837890625
191,0.748046875,0.09552001953125,-0.60125732421875,-0.263916015625,0.92138671875,0.32147216796875,0.03936767578125,-0.2147216796875,-0.407958984375,-0.3365478515625,0.83624267578125,-0.14459228515625,-0.2861328125,-0.1612548828125,0.83135986328125,-0.4482421875,-0.18023681640625,-0.15478515625,0.91119384765625,-0.33642578125,-0.1788330078125,-0.0701904296875,0.8623046875,-0.4683837890625
192,0.748046875,0.09568659039245402,-0.60125732421875,-0.263874372909699,0.921428361465301,0.321430525253449,0.03945096121185201,-0.214555108826296,-0.408000627090301,-0.336506208847199,0.83624267578125,-0.14467557058685201,-0.2861328125,-0.16117159738189799,0.831318220565949,-0.448325472930602,-0.180195173690949,-0.154743513534699,0.911152204940949,-0.33655070939590304,-0.178791365097199,-0.07014878697219899,0.862263044784699,-0.46855035992370403
193,0.748046875,0.09573374464360368,-0.60125732421875,-0.2638853959813963,0.9213869228809574,0.3215327948630853,0.03952016160639632,-0.2144775390625,-0.40802001953125,-0.33648681640625,0.83624267578125,-0.14468393995610368,-0.2861328125,-0.16110239698735368,0.8313292436376464,-0.44830342678720736,-0.18017578125,-0.15475453660639632,0.9111632280126464,-0.3365784712061037,-0.17877197265625,-0.07012939453125,0.86224365234375,-0.4685975141748537
194,0.748046875,0.095703125,-0.60125732421875,-0.263916015625,0.92132568359375,0.3216552734375,0.03955078125,-0.2144775390625,-0.40803920784124165,-0.33646762809625835,0.83624267578125,-0.14463413200250835,-0.2861328125,-0.16107177734375,0.83135986328125,-0.4482421875,-0.18017578125,-0.15474677963001673,0.91119384765625,-0.33652866325250835,-0.17877197265625,-0.07012939453125,0.8622628406537416,-0.46854770622125835
195,0.7480548361073369,0.095703125,-0.6012493631114131,-0.263916015625,0.9213177224864131,0.3216711956521739,0.03957466457201087,-0.2144775390625,-0.4080810546875,-0.336417820142663,0.83624267578125,-0.14457636294157608,-0.286140773607337,-0.16105585512907608,0.8313678243885869,-0.448234226392663,-0.18017578125,-0.15465512483016305,0.9112018087635869,-0.3364708941915761,-0.17878789487092392,-0.07012143342391304,0.8623046875,-0.4684899371603261
196,0.7481046440609322,0.095703125,-0.6011995551578178,-0.263916015625,0.9212679145328178,0.32177081155936454,0.039724088432796824,-0.2144775390625,-0.4080810546875,-0.3363680121890677,0.83624267578125,-0.14447674703438546,-0.2861905815609323,-0.16095623922188546,0.8314176323421822,-0.4481844184390677,-0.18017578125,-0.15460531687656773,0.9112516167171822,-0.33637127828438546,-0.17888751077811454,-0.07007162547031773,0.8623046875,-0.46839032125313546
197,0.7481544520145276,0.09574966685827759,-0.6011497472042224,-0.26386947376672243,0.9213111902957776,0.32177734375,0.039640803002194816,-0.2144775390625,-0.40803451282922243,-0.33636474609375,0.8362892176395276,-0.1445167567020276,-0.28624038951452757,-0.16085662331469483,0.8314208984375,-0.44813461048547243,-0.1801292393917224,-0.1545555089229724,0.9112548828125,-0.33641128795202757,-0.17880095925219483,-0.07002181751672241,0.8623046875,-0.46843033092077757
198,0.7481689453125,0.09576416015625,-0.60113525390625,-0.26385498046875,0.9212903689381271,0.32177734375,0.03985901899561036,-0.2144422244068771,-0.4080906488424958,-0.33636474609375,0.8362683962818771,-0.14453125,-0.2862548828125,-0.16082763671875,0.8314208984375,-0.4481201171875,-0.18011474609375,-0.1545763302806229,0.9112548828125,-0.33642578125,-0.1788072873118729,-0.07004263887437291,0.8623046875,-0.4684095095631271
199,0.7481930327654682,0.09578824760921822,-0.6010870790003136,-0.2638308930157818,0.9212887358904682,0.3217532562970318,0.03996680014109532,-0.21446467881218645,-0.40809391493781355,-0.3363406586407818,0.8362667632342182,-0.14455533745296822,-0.2862307953595318,-0.16080354926578178,0.8314208984375,-0.44816829209343645,-0.18006657118781355,-0.15457796332828178,0.9112548828125,-0.3364498687029682,-0.17878483290656355,-0.07002018446906355,0.8623287749529682,-0.4684078765154682
200,0.74822998046875,0.0958251953125,-0.60101318359375,-0.2637939453125,0.92132568359375,0.32171630859375,0.03985595703125,-0.21453857421875,-0.40803287978156355,-0.3363037109375,0.8362908506871864,-0.1446180056568771,-0.28619384765625,-0.1607666015625,0.8314208984375,-0.4482421875,-0.18003125653219063,-0.15452815537468645,0.9112420225621864,-0.3365125369068771,-0.1787366580006271,-0.06995914931281355,0.8623400021556229,-0.4684705447193771
201,0.7482316135164089,0.09582029616952341,-0.6010115505460911,-0.2637955783601589,0.9213207844507734,0.32172610687970316,0.03985269093593228,-0.21454020726640885,-0.4080810546875,-0.3363037109375,0.8362443088289089,-0.14470455718279682,-0.2861954807039089,-0.16076333546718227,0.8314225314851589,-0.4482372883570234,-0.18017741429765885,-0.15447998046875,0.9111971137515678,-0.33659745538513797,-0.17883627390781773,-0.07000732421875,0.8622485514867266,-0.46855709624529684
202,0.7482814214700042,0.09567087230873746,-0.6009617425924958,-0.2638453863137542,0.9211713605899875,0.32202495460127506,0.03975307502874164,-0.21459001522000418,-0.4080810546875,-0.3363037109375,0.8362941167825042,-0.1444057094612249,-0.2862452886575042,-0.16066371955999165,0.8314723394387542,-0.44808786449623744,-0.18022722225125418,-0.15447998046875,0.9112967296587584,-0.33624879970997074,-0.17893588981500835,-0.07000732421875,0.8623979753475125,-0.46825824852372494
203,0.7483312294235995,0.09584315883674749,-0.600871720840301,-0.2638147666701505,0.921223005722199,0.3219618781354515,0.03961324532295151,-0.21447896797920152,-0.408000627090301,-0.3363037109375,0.8363037109375,-0.1445492135242475,-0.2862146690139005,-0.160724958847199,0.83148193359375,-0.44805908203125,-0.18007596121185201,-0.15447998046875,0.9112757041701505,-0.3363827096179975,-0.17879422293060201,-0.0699671104201505,0.8623865440139005,-0.468361538788148
204,0.74835205078125,0.095947265625,-0.600830078125,-0.2637939453125,0.9212356618415551,0.3219573872543896,0.03978267401755852,-0.2143875173103052,-0.40804594416283446,-0.3363326975334448,0.8362747243415551,-0.14453737392872074,-0.28619384765625,-0.1607666015625,0.83148193359375,-0.44805908203125,-0.18007963556908443,-0.1545089670646948,0.9112838694084449,-0.33639985661841554,-0.17879789728783443,-0.07000426225438963,0.86236572265625,-0.46835786443091554
205,0.7483875695678303,0.09603606259145067,-0.6008123187317098,-0.2637229077393395,0.9212391320678303,0.32200372498170987,0.040110100073160536,-0.2142489123902592,-0.40812433045045987,-0.3363114679138796,0.8362604351745402,-0.1445157360472408,-0.28617608826295987,-0.1607133233826296,0.8314641742004598,-0.4481301196044105,-0.18014026246341974,-0.15450549683841974,0.9112803991821697,-0.3364102672972408,-0.17885852418216974,-0.0700150811951296,0.8623302038696697,-0.46835051571645064
206,0.74847412109375,0.09625244140625,-0.60076904296875,-0.2635498046875,0.92132568359375,0.32196044921875,0.040283203125,-0.2139892578125,-0.4080810546875,-0.3361947050062709,0.8363037109375,-0.14476885843436454,-0.2861328125,-0.16060309266565637,0.8314208984375,-0.44829669046561454,-0.1800537109375,-0.15443854188440637,0.9112003798468854,-0.33665032530309363,-0.17877197265625,-0.0698983182875209,0.8622501845343854,-0.46856036234061454
207,0.74847412109375,0.09625244140625,-0.60076904296875,-0.2635498046875,0.92132568359375,0.32196044921875,0.040283203125,-0.2139892578125,-0.4080810546875,-0.33629432091346156,0.8363037109375,-0.14471905048076922,-0.2861328125,-0.16075251652644232,0.8314208984375,-0.4482468825120192,-0.1800537109375,-0.15458796574519232,0.9112501878004807,-0.3365009014423077,-0.17877197265625,-0.06999793419471154,0.8622999924879807,-0.4685105543870192
208,0.748519234035326,0.09634266728940218,-0.60076904296875,-0.26341446586277173,0.92132568359375,0.32196044921875,0.040373429008152176,-0.21389903192934784,-0.4080810546875,-0.33621348505434784,0.836258597995924,-0.14484969429347827,-0.2861328125,-0.16067637567934784,0.831375785495924,-0.44833241338315216,-0.18000859799592392,-0.15455693783967392,0.911209769870924,-0.33662215523097827,-0.17872685971467392,-0.06996221127717392,0.862259574558424,-0.46859608525815216
209,0.7485690419889214,0.09634062597982859,-0.6007351572298286,-0.2633328134798286,0.92132568359375,0.3219943349576714,0.04033750195965719,-0.2139010732389214,-0.4080471689485786,-0.3361477548860786,0.8362765615201714,-0.1448635751985786,-0.2860989267610786,-0.1606106455110786,0.8313937490201714,-0.4483642578125,-0.1799587900423286,-0.15447324414715718,0.9112277333951714,-0.3366360361360786,-0.1787109375,-0.06991240332357859,0.86224365234375,-0.4686279296875
210,0.74859619140625,0.0963134765625,-0.6007080078125,-0.2633056640625,0.9213483421300167,0.322021484375,0.04030586166126672,-0.21386024704744983,-0.40802001953125,-0.33612060546875,0.8363037109375,-0.14488174285378344,-0.28607177734375,-0.16058349609375,0.8314208984375,-0.4483642578125,-0.17990898208873327,-0.15444160384876673,0.9112322242762333,-0.33665420379128347,-0.17866562042746656,-0.06986259536998328,0.8622209938074833,-0.46867324676003347
211,0.74859619140625,0.09627918256166389,-0.600719439146112,-0.26331709539611203,0.9213638560827759,0.32206720970944813,0.04030994428041388,-0.21376797985472407,-0.40799715686402593,-0.33612060546875,0.836315142271112,-0.14492420209291387,-0.28607177734375,-0.16057206476013797,0.831432329771112,-0.44835282647888797,-0.17988203680236203,-0.15447998046875,0.911205278989862,-0.3366966630304139,-0.17860029852111203,-0.06983565008361203,0.862194048521112,-0.46872713733277593
212,0.7485957831443353,0.09613016696279264,-0.6007692470997074,-0.26336690334970736,0.9212646484375,0.322265625,0.04016154107441471,-0.2138671875,-0.4078983574806647,-0.33612080959970736,0.8363645419627926,-0.14477518649404264,-0.28607157321279264,-0.16052286919941472,0.83148193359375,-0.44830301852529264,-0.179931640625,-0.15448018459970736,0.9112548828125,-0.33654764743154264,-0.17865010647470736,-0.06988545803720736,0.86224365234375,-0.46862772555654264
213,0.7484961672371446,0.09608035900919733,-0.6008190550533027,-0.2634167113033027,0.9212646484375,0.322265625,0.04026115698160535,-0.2138671875,-0.4079979733878554,-0.3361706175533027,0.8363147340091973,-0.1447253785404473,-0.2860217652591973,-0.16062248510660534,0.83148193359375,-0.4482532105716973,-0.179931640625,-0.1545299925533027,0.9112548828125,-0.3364978394779473,-0.1786999144283027,-0.06993526599080267,0.86224365234375,-0.4685779176029473
214,0.74847412109375,0.0960693359375,-0.600830078125,-0.263427734375,0.921225863555602,0.322304409881898,0.040399557770693977,-0.2138671875,-0.40802001953125,-0.33610407086120403,0.836381280701296,-0.14463678570495403,-0.2860107421875,-0.16064453125,0.83148193359375,-0.4482421875,-0.17985407086120403,-0.15442466097930602,0.911332452576296,-0.336448031524352,-0.17874972238189799,-0.06986871929870402,0.862282437225648,-0.468528109649352
215,0.7484465634145067,0.09615200897522994,-0.6008576358042433,-0.2634828497334866,0.9212311709604933,0.3222991024770067,0.04052142395223662,-0.21378451446227006,-0.40802001953125,-0.3361422433502299,0.8363706658915134,-0.14467495819397994,-0.2859831845082567,-0.16064453125,0.83148193359375,-0.4482697451792433,-0.1798095703125,-0.15444058319397994,0.9113218377665134,-0.3364808966084866,-0.1787444149770067,-0.06993444946697323,0.8622771298207567,-0.4685609747334866
216,0.7484130859375,0.09625244140625,-0.60089111328125,-0.2635498046875,0.9212483179609113,0.3223146164297659,0.040604709382838625,-0.21366775155466136,-0.4080036890546614,-0.3361773538748955,0.8363363718906772,-0.144775390625,-0.2859170460780727,-0.1605792093436455,0.8314982640703387,-0.44830322265625,-0.17977690935932275,-0.15450835467182275,0.9112875437656772,-0.3365315210859114,-0.17867827654682275,-0.07000303746864549,0.8622599828203387,-0.4686279296875
217,0.7484028793896321,0.09625754468018395,-0.6009013198291179,-0.26355490796143394,0.921208716555184,0.32245383374268394,0.04066472388430183,-0.21359753050533029,-0.40796408764893394,-0.33599343188231606,0.83642578125,-0.14477028735106606,-0.2858378432666179,-0.16041570044680184,0.831537865476066,-0.44830322265625,-0.1796977065478679,-0.1544291518603679,0.911371849851066,-0.33648681640625,-0.17859397046143394,-0.06983442529786789,0.862299584226066,-0.4686279296875
218,0.7483032634824415,0.09630735263377926,-0.6010009357363085,-0.26360471591502926,0.9212585245087792,0.32250364169627926,0.04081414774508779,-0.21334849073735368,-0.40801389560252926,-0.33594362392872074,0.83642578125,-0.14472047939747074,-0.28593745917380853,-0.1605651243075878,0.8314880575224708,-0.44830322265625,-0.17979732245505853,-0.15452876776755853,0.9113220418974708,-0.33648681640625,-0.17864377841502926,-0.06993404120505853,0.8622497762724708,-0.4686279296875
219,0.7482473316001255,0.09644452863712374,-0.60101318359375,-0.2636545238686246,0.9213083324623745,0.3224660816001254,0.04087620355612458,-0.21323050304400085,-0.40802001953125,-0.3359811840248746,0.8363820972251255,-0.14480172351849915,-0.2859060230063754,-0.16049612804400085,0.83148193359375,-0.4483905907059992,-0.17972220226275085,-0.1544973316001254,0.91131591796875,-0.3365741844559992,-0.17851885026912626,-0.0699462890625,0.86224365234375,-0.4687152977372492
220,0.74822998046875,0.09649658203125,-0.60101318359375,-0.263671875,0.9212607699493102,0.3224811872909699,0.040861097865280104,-0.21332562807012959,-0.4080524763534699,-0.3359336215118102,0.8363972029159699,-0.1448039689590301,-0.285888671875,-0.16046142578125,0.83148193359375,-0.44842529296875,-0.1797199568222199,-0.1543826100020903,0.9113483747909699,-0.3365439730743102,-0.1785641673416597,-0.06988137541806021,0.86224365234375,-0.4687175431777801
221,0.7482512100883152,0.09649658203125,-0.6009919539741848,-0.263671875,0.92120361328125,0.32253099524456524,0.040811289911684784,-0.21343994140625,-0.40805982506793476,-0.33587646484375,0.8364470108695652,-0.144775390625,-0.285888671875,-0.16039773692255435,0.8315031632133152,-0.44838283372961957,-0.17970607591711957,-0.154296875,0.911376953125,-0.33648681640625,-0.17862867272418478,-0.06980298913043478,0.86224365234375,-0.46868896484375
222,0.748291015625,0.09649658203125,-0.6009521484375,-0.263671875,0.92120361328125,0.32257080078125,0.04081149404264214,-0.21344994382316054,-0.40802001953125,-0.3358564600099289,0.8364968188231605,-0.1447453833742684,-0.2858986742919105,-0.1602783203125,0.8315529711669105,-0.4482732154055184,-0.17963646726066054,-0.15428687258308946,0.9113869555419105,-0.3364568091555184,-0.1785888671875,-0.06976318359375,0.862263657177571,-0.4686589575930184
223,0.748291015625,0.09649658203125,-0.6009521484375,-0.263671875,0.92120361328125,0.32257080078125,0.04101072585702341,-0.21349975177675584,-0.40802001953125,-0.3357568441027383,0.8365466267767558,-0.14459595951348245,-0.28594848224550584,-0.1602783203125,0.8316027791205058,-0.4481237915447324,-0.17968627521425584,-0.15423706462949416,0.9114367634955058,-0.3363073852947324,-0.1785888671875,-0.06976318359375,0.8623632730847617,-0.4685095337322324
224,0.748291015625,0.09659374836695234,-0.6008549821017977,-0.26372045816785117,0.92120361328125,0.32261938394910117,0.04111279133570234,-0.2133552270589465,-0.40802001953125,-0.33580297769910117,0.8364992683946488,-0.14459228515625,-0.2858039575276965,-0.16032690348035117,0.83160400390625,-0.44821728352320234,-0.1795417504964465,-0.15428442301160117,0.91143798828125,-0.33635229410535117,-0.17863745035535117,-0.06976318359375,0.86236572265625,-0.46845727620714883
225,0.748365727555393,0.09669336427414298,-0.600755366194607,-0.26373291015625,0.92120361328125,0.3226318359375,0.041025627416910536,-0.2132805151285535,-0.4079079516356605,-0.3358154296875,0.8365241723714465,-0.14466699708664296,-0.2857666015625,-0.16033935546875,0.83160400390625,-0.4482421875,-0.1794670385660535,-0.1542595190348035,0.91143798828125,-0.33636474609375,-0.17853783444816054,-0.06972582762855352,0.86236572265625,-0.4684821801839465
226,0.7484130859375,0.09674072265625,-0.6007080078125,-0.26373291015625,0.9211774845187082,0.3226840934625836,0.04105910489391722,-0.2132829647000418,-0.4078891715875836,-0.3358415584500418,0.8365217227999582,-0.1446882267062082,-0.2857666015625,-0.16033935546875,0.83160400390625,-0.4482421875,-0.17949561690008362,-0.1542619686062918,0.91143798828125,-0.3363124885686664,-0.17851905440008362,-0.06972827720004181,0.86236572265625,-0.4684797306124582
227,0.7484279874973871,0.09677052577602424,-0.6006931062526129,-0.26371800859636285,0.9211574796848871,0.32273900469011285,0.04116892734897575,-0.21330296953386288,-0.40794408281511285,-0.33586156328386285,0.8365017179661371,-0.14468312343227424,-0.2857666015625,-0.16033935546875,0.83160400390625,-0.4482421875,-0.17953562656772576,-0.154296875,0.91143798828125,-0.33627247890102424,-0.17855906406772576,-0.06974828203386288,0.86236572265625,-0.46847462733852424
228,0.74847412109375,0.09686279296875,-0.60064697265625,-0.263671875,0.9211999389240175,0.3226965454509824,0.04108033451348244,-0.21327153336642976,-0.40789794921875,-0.3358227784019649,0.8365441772052675,-0.1447643675533027,-0.2857702759197324,-0.16034302982598245,0.8316076782634825,-0.4482348387855351,-0.17945070808946487,-0.15430422371446487,0.91143798828125,-0.3363573973792851,-0.17847414558946487,-0.06970949715196488,0.86236572265625,-0.4685595458167851
229,0.74847412109375,0.09686279296875,-0.60064697265625,-0.263671875,0.9211501309704222,0.32274635340457775,0.04113014246707776,-0.21347076518081104,-0.40789794921875,-0.3359223943091555,0.8364943692516722,-0.14461494369251673,-0.28582008387332775,-0.16039283777957775,0.8316574862170778,-0.4481352228783445,-0.17955032399665552,-0.15440383962165552,0.91143798828125,-0.3362577814720945,-0.17857376149665552,-0.06980911305915552,0.86236572265625,-0.4684599299095945
230,0.7485163762019231,0.09694730318509615,-0.6006047175480769,-0.2635451096754808,0.921142578125,0.3227116511418269,0.04117995042067307,-0.2135009765625,-0.4078556941105769,-0.3358952448918269,0.8365290715144231,-0.14467679537259615,-0.2857853816105769,-0.16027362530048078,0.8316227839543269,-0.4482468825120192,-0.17952317457932693,-0.15429217998798078,0.91143798828125,-0.3363694411057692,-0.17854661207932693,-0.06978196364182693,0.8623234675480769,-0.46852933443509615
231,0.7485661841555183,0.0970158911867684,-0.6005859375,-0.2633956858146948,0.921142578125,0.3226618431882316,0.041105646752194816,-0.2135320044680184,-0.4078369140625,-0.3358144090327132,0.8365788794680183,-0.1447764112797868,-0.2857666015625,-0.16021728515625,0.83160400390625,-0.44830322265625,-0.1794733666257316,-0.15423583984375,0.91143798828125,-0.3364568091555184,-0.17852783203125,-0.06970112778271322,0.8623046875,-0.4686289503422868
232,0.74859619140625,0.0970458984375,-0.6005859375,-0.2633056640625,0.9211227774221363,0.3227506401546823,0.041055226405727424,-0.21350260961015885,-0.4077775119539089,-0.3357741952341137,0.8366286874216137,-0.14479682437552258,-0.2857071994539089,-0.16025688656197742,0.8316238046091137,-0.4482834219533863,-0.17938395726640885,-0.15429524195234115,0.9114577889841137,-0.3364274142976589,-0.17846842992265885,-0.06968071468697742,0.8623244882028637,-0.46864936343802255
233,0.748587617906041,0.09705447193770902,-0.6006030845004181,-0.26328851706208195,0.92108154296875,0.3229723263743729,0.04114626881270903,-0.21338747975020902,-0.4076795290943771,-0.33580685618729095,0.836661348374791,-0.14472292896895902,-0.28560064309416805,-0.16033935546875,0.831656465562291,-0.44825933450041805,-0.1792859744068771,-0.15441037181229098,0.911490449937291,-0.33632085793791805,-0.17836187356291805,-0.06976318359375,0.8623485756558319,-0.46858404153166805
234,0.7485378099524457,0.09710427989130435,-0.6007027004076086,-0.2631889011548913,0.92108154296875,0.322822902513587,0.041196076766304345,-0.21343728770380435,-0.407828952955163,-0.3357570482336957,0.8366115404211957,-0.14477273692255435,-0.2857002590013587,-0.16033935546875,0.8316066576086957,-0.4483589504076087,-0.17943539826766305,-0.15436056385869565,0.9114406419836957,-0.3364204738451087,-0.1784614894701087,-0.06976318359375,0.8622489597486414,-0.4686836574388587
235,0.7485823105011497,0.09715408784489966,-0.6007080078125,-0.26313643949885035,0.9211286972198997,0.32290924990854936,0.04152881022679766,-0.21320417015050167,-0.40778975981135035,-0.33580154878239965,0.8365617324676003,-0.14482254487614968,-0.28575272065739965,-0.16029220121760032,0.8315568496551003,-0.44841141206364965,-0.179443359375,-0.15440506440739968,0.9113908340301003,-0.33647293550114965,-0.17841964262385032,-0.06976318359375,0.86224365234375,-0.46878327334604936
236,0.74859619140625,0.09716796875,-0.6007080078125,-0.26312255859375,0.921142578125,0.32300886581573995,0.0416259765625,-0.21306291152801005,-0.40784773300323995,-0.3358154296875,0.8365478515625,-0.14490827987823995,-0.2857666015625,-0.1602783203125,0.83154296875,-0.44842529296875,-0.179443359375,-0.1544189453125,0.911376953125,-0.33648681640625,-0.17840576171875,-0.06976318359375,0.86224365234375,-0.46881103515625
237,0.7486208912520903,0.0970938692124791,-0.6006833079666597,-0.26312255859375,0.9210931784333194,0.3231084817229306,0.0416259765625,-0.2130373951583403,-0.4078485495270694,-0.3357907298416597,0.8365725514083403,-0.1448843965562291,-0.2857666015625,-0.1602536204666597,0.8315676685958403,-0.4483758932770694,-0.1794680592208403,-0.1543695456208194,0.9114016529708403,-0.3364621165604097,-0.1784551614104306,-0.0697384837479097,0.86224365234375,-0.4687863353104097
238,0.7486572265625,0.09698486328125,-0.60064697265625,-0.26312255859375,0.9210205078125,0.32318115234375,0.041639449205685616,-0.21308720311193563,-0.40778935154943563,-0.33575439453125,0.8365954140755644,-0.14478886326818563,-0.28579354684887126,-0.16023075779943563,0.8315905312630644,-0.44831669529943563,-0.17951786717443563,-0.154296875,0.91143798828125,-0.33642578125,-0.17855477731762123,-0.06971562108068562,0.8622301797005644,-0.46876347264318563
239,0.748659472003031,0.09698037240018813,-0.600644727215719,-0.26312255859375,0.921018262371969,0.32318564322481186,0.04168701171875,-0.21313701106553093,-0.4078369140625,-0.33575663997178096,0.8365478515625,-0.14483418034071907,-0.28588642643446904,-0.16027607487196907,0.831545214190531,-0.44836201237196904,-0.1795654296875,-0.15429462955946907,0.911440233721781,-0.33642129036893814,-0.17864990234375,-0.06975869271268813,0.862184862628031,-0.46880654427518814
240,0.7487092799566263,0.09688075649299749,-0.6005949192621237,-0.26312255859375,0.9209684544183737,0.3232852591320025,0.04168701171875,-0.21318681901912626,-0.4078369140625,-0.33580644792537623,0.8365478515625,-0.14478437238712374,-0.28583661848087377,-0.16022626691837374,0.8315950221441263,-0.44831220441837377,-0.1795654296875,-0.15424482160587374,0.9114900416753763,-0.3363216744617475,-0.17864990234375,-0.06965907680549749,0.8622346705816263,-0.4687069283679975
241,0.74871826171875,0.09682196677727843,-0.6005859375,-0.26312255859375,0.92095947265625,0.32330322265625,0.041768664101693144,-0.21323662697272158,-0.4078369140625,-0.3358154296875,0.8365886777539716,-0.14473456443352842,-0.28590928910169316,-0.16021728515625,0.83160400390625,-0.44826239646477845,-0.17960625587897158,-0.15423583984375,0.9114581972460284,-0.3363037109375,-0.17864990234375,-0.06972276566419314,0.86224365234375,-0.46868896484375
242,0.74871826171875,0.0968017578125,-0.6005859375,-0.26312255859375,0.9209890716450669,0.32324402467861624,0.04180908203125,-0.2131976379598662,-0.4078665130513169,-0.3357858306986831,0.8365792877299331,-0.1447735534463838,-0.2859201080424331,-0.16021728515625,0.8315744049174331,-0.44830138547763376,-0.17962646484375,-0.15423583984375,0.91143798828125,-0.3363037109375,-0.1787091003213838,-0.0697335846049331,0.8621844543661162,-0.46877776181020064
243,0.7487366335049122,0.09676501424017558,-0.6005675657138378,-0.26312255859375,0.9210021360263378,0.3232178959160744,0.04180908203125,-0.2131531374111622,-0.4078795774325878,-0.33575439453125,0.8365662233486622,-0.14479968220892558,-0.285888671875,-0.1601989133700878,0.8315613405361622,-0.4483458860263378,-0.1796080930575878,-0.15419909627142558,0.9114563600674122,-0.3363220827236622,-0.1787536008700878,-0.06968377665133779,0.8621399538174122,-0.4688353267401756
244,0.748779296875,0.0966796875,-0.60052490234375,-0.26312255859375,0.92095947265625,0.32331751182326507,0.04179479286423495,-0.21318865619774247,-0.40784405864600753,-0.33574724994774247,0.83660888671875,-0.14472150005225753,-0.28590296104201507,-0.16014910541649247,0.83160400390625,-0.44829607807274247,-0.17958686343802258,-0.15410662494774247,0.9114990234375,-0.33635045692673493,-0.17873237125052258,-0.06963396869774248,0.8621826171875,-0.46874285541649247
245,0.748779296875,0.0966796875,-0.60052490234375,-0.26312255859375,0.92095947265625,0.32341712773045567,0.04169517695704431,-0.21313884824414717,-0.40789386659960286,-0.33569744199414714,0.83660888671875,-0.14477130800585283,-0.28600257694920567,-0.16009929746289717,0.83160400390625,-0.44824627011914714,-0.17973628729880853,-0.15405681699414717,0.9114990234375,-0.33625084101954433,-0.17888179511130853,-0.06958416074414715,0.8621826171875,-0.46869304746289714
246,0.7488250222094481,0.0966796875,-0.6004334516748537,-0.26316828392819813,0.92095947265625,0.32347101830319813,0.04164128638430184,-0.21308904029055184,-0.40794367455319813,-0.3357848100438963,0.8365631613843019,-0.14463821462165552,-0.2859192915186037,-0.16009521484375,0.8316497292406981,-0.44819646216555187,-0.17965708448735368,-0.154052734375,0.9114990234375,-0.33624267578125,-0.17880259229985368,-0.069580078125,0.8622283425219481,-0.46864323950930187
247,0.7489438264266305,0.09678318189538043,-0.6002993376358695,-0.26314909561820654,0.92095947265625,0.323486328125,0.04169497282608695,-0.2130392323369565,-0.4078209918478261,-0.33578093155570654,0.8365823496942935,-0.14469577955163043,-0.285888671875,-0.16009521484375,0.8316650390625,-0.44818115234375,-0.1795919667119565,-0.154052734375,0.9114990234375,-0.33624267578125,-0.17877197265625,-0.069580078125,0.8622781504755435,-0.46859343155570654
248,0.7490234375,0.09686279296875,-0.6002197265625,-0.26312255859375,0.92095947265625,0.3235095990541388,0.04188767244983277,-0.2129661534542224,-0.40776138560827757,-0.33580093638952757,0.8365856157896112,-0.144775390625,-0.285888671875,-0.1601417567020276,0.8316650390625,-0.44818115234375,-0.1795654296875,-0.15412254716241638,0.9114990234375,-0.33624267578125,-0.17877197265625,-0.06962661998327759,0.8622814165708612,-0.4685901654603888
249,0.7490354812264841,0.09687483669523411,-0.6002197265625,-0.26308642741429766,0.92095947265625,0.3235232758282818,0.04207812663304766,-0.21291471245296822,-0.4078369140625,-0.33584033366429766,0.8365598952889841,-0.1447874343514841,-0.285888671875,-0.16018115397679766,0.8316529953360159,-0.4482052397967182,-0.1795654296875,-0.15421175239078178,0.9114990234375,-0.3362667632342182,-0.17877197265625,-0.06967806098453178,0.8622316086172659,-0.4686520171404682
250,0.7490852891800794,0.09692219507734114,-0.6002197265625,-0.2629378200773411,0.9209586561324206,0.3234285590640677,0.04193115234375,-0.2130126953125,-0.4078344644910117,-0.33569254285117056,0.8366105197664089,-0.14483642578125,-0.28588785535117056,-0.16003336316367056,0.8316048204300794,-0.44830240613242056,-0.17956461316367056,-0.15411295300742056,0.9114998399613294,-0.3363631130460911,-0.17877197265625,-0.06957926160117058,0.8621834337113294,-0.46874918347617056
251,0.7491350971336748,0.0968225791701505,-0.6002197265625,-0.2628382041701505,0.9209088481788252,0.323627790878449,0.04193115234375,-0.2130126953125,-0.40768504063022576,-0.33564273489757523,0.8367101356735995,-0.14483642578125,-0.28583804739757523,-0.15998355521007526,0.8316546283836748,-0.44825259817882523,-0.17951480521007526,-0.15406314505382526,0.9115496479149248,-0.3362634971389005,-0.17877197265625,-0.06952945364757525,0.8622332416649248,-0.46869937552257523
252,0.7491455078125,0.0968017578125,-0.6002197265625,-0.2628173828125,0.9208984375,0.32366943359375,0.04193115234375,-0.2130126953125,-0.40765380859375,-0.33571111876829013,0.8366915597564799,-0.14479702850647994,-0.28582763671875,-0.15997314453125,0.8316650390625,-0.4482421875,-0.17950439453125,-0.154052734375,0.91156005859375,-0.33624267578125,-0.17877197265625,-0.06951904296875,0.86224365234375,-0.46868896484375
253,0.7491736778846154,0.09682992788461539,-0.6001915564903846,-0.2627610426682692,0.9208984375,0.32369760366586536,0.04207200270432692,-0.21284367487980768,-0.40762563852163464,-0.3356980543870192,0.8366980919471154,-0.14483173076923078,-0.28579946664663464,-0.1600013146033654,0.8316368689903846,-0.4482985276442308,-0.17950439453125,-0.154052734375,0.9115318885216346,-0.3362990159254808,-0.17877197265625,-0.06951904296875,0.8622154822716346,-0.4687453049879808
254,0.74920654296875,0.09686279296875,-0.60015869140625,-0.2626953125,0.9209323232389214,0.3237643544889214,0.04238881395014632,-0.21246011281093227,-0.4076097163069607,-0.3356831528271321,0.8366970712923286,-0.1449313466764214,-0.2857835444319607,-0.1600680654264214,0.8315870610367893,-0.4483812006819607,-0.1795213374007107,-0.1540866201139214,0.9114820805680393,-0.3363816889632107,-0.1787889155257107,-0.06956987157713211,0.8621656743180393,-0.46881103515625
255,0.7492122586355561,0.09685136163513797,-0.60015869140625,-0.26268388116638797,0.9210147921456939,0.3238525390625,0.04277992886444398,-0.21199224465666805,-0.40765380859375,-0.33579828268708195,0.8366146023855561,-0.14500809991638797,-0.285833352385556,-0.16013910299958195,0.8315486844168061,-0.448419577301944,-0.1795654296875,-0.15416337335388797,0.9114437039480561,-0.336420065583194,-0.17883872347930602,-0.06969071710388797,0.8621272976980561,-0.468805319489444
256,0.7492620665891513,0.09675174572794733,-0.60015869140625,-0.2625842652591973,0.9209649841920987,0.3238525390625,0.042730120910848664,-0.212141668517454,-0.40765380859375,-0.33564885882629597,0.8366644103391513,-0.1449084840091973,-0.28588316033915134,-0.159989679138796,0.8315984923704013,-0.44836976934834866,-0.1795654296875,-0.1540637574466973,0.9114935119016513,-0.33637025762959866,-0.17888853143290134,-0.06959110119669733,0.8621771056516513,-0.46875551153584866
257,0.749267578125,0.09669642623850334,-0.60015869140625,-0.2625732421875,0.9209151762385034,0.32389683548024667,0.042724609375,-0.2122467959604933,-0.4077424014292433,-0.33567662063649667,0.8366256254572534,-0.1448974609375,-0.28593296829274667,-0.15997314453125,0.83160400390625,-0.44831996139475333,-0.1795654296875,-0.15400843795725336,0.9114990234375,-0.33636474609375,-0.17893833938649664,-0.06953578170725334,0.8621383207697534,-0.46879429641774667
258,0.749267578125,0.0966796875,-0.60015869140625,-0.2625732421875,0.9208984375,0.32391357421875,0.042724609375,-0.2122802734375,-0.40770974047606606,-0.335660290159908,0.836675025148934,-0.14493053015259197,-0.28594970703125,-0.15997314453125,0.83160400390625,-0.44830322265625,-0.1795654296875,-0.15399169921875,0.9114990234375,-0.33636474609375,-0.178955078125,-0.06951904296875,0.86212158203125,-0.46881103515625
259,0.7492457361125627,0.09663600347512542,-0.6001805334186873,-0.2625732421875,0.9208984375,0.32393541623118727,0.04268092535012542,-0.2123021154499373,-0.40767565060618727,-0.33563232421875,0.8367091150188127,-0.1449148120688754,-0.28597154904368727,-0.15997314453125,0.8315821618938127,-0.44832506466868727,-0.1795654296875,-0.15399169921875,0.9114771814250627,-0.33638658810618727,-0.178955078125,-0.06951904296875,0.86212158203125,-0.46881103515625
260,0.74920654296875,0.0965576171875,-0.6002197265625,-0.2625732421875,0.9209090523097826,0.3239533797554348,0.0426025390625,-0.21232007897418478,-0.40771484375,-0.3356217094089674,0.836669921875,-0.1448470405910326,-0.2859895125679348,-0.15997314453125,0.83154296875,-0.4483748726222826,-0.1795654296875,-0.15399169921875,0.9114486030910326,-0.33642578125,-0.1789444633152174,-0.06951904296875,0.86212158203125,-0.4688216499660326
261,0.74920654296875,0.0965576171875,-0.6002197265625,-0.2625732421875,0.9209588602633779,0.32385376384824416,0.0426025390625,-0.21222046306699416,-0.40771484375,-0.3355719014553721,0.836669921875,-0.14489684854462792,-0.28588989666074416,-0.15997314453125,0.83154296875,-0.4484246805758779,-0.1795654296875,-0.15399169921875,0.9114984110446279,-0.33642578125,-0.17889465536162208,-0.06951904296875,0.86212158203125,-0.4688714579196279
262,0.74920654296875,0.09650842162677675,-0.6002689221232232,-0.26252404662677675,0.92095947265625,0.3238525390625,0.0426025390625,-0.2123176294026965,-0.40776403931072325,-0.33552209350177675,0.836669921875,-0.14484826537677675,-0.2859870629964465,-0.15997314453125,0.83154296875,-0.44837609740802675,-0.17961462524822325,-0.15394250365802675,0.9114990234375,-0.33637658568927675,-0.1789924340901965,-0.06951904296875,0.86212158203125,-0.46882287475177675
263,0.74920654296875,0.09653455038931856,-0.6003187300768186,-0.2624742386731814,0.9209974410143186,0.32373863398829433,0.04256457070443144,-0.21234130859375,-0.4077379105481814,-0.33551025390625,0.836669921875,-0.14491236249738712,-0.2859727738294314,-0.16001111288931857,0.8315050003919314,-0.4484022261705686,-0.17962646484375,-0.1539306640625,0.9114610550794314,-0.33644068280988715,-0.17901611328125,-0.06951904296875,0.8620836136731814,-0.4688490035143186
264,0.74920654296875,0.0965576171875,-0.600341796875,-0.262451171875,0.9210205078125,0.32366943359375,0.04254150390625,-0.21234130859375,-0.4077415849054139,-0.33551025390625,0.836669921875,-0.14501197840457775,-0.28600318934207775,-0.16000743853208613,0.8314551924383361,-0.44847877527957775,-0.17962646484375,-0.1539306640625,0.91143798828125,-0.33648681640625,-0.17901611328125,-0.06951904296875,0.862060546875,-0.4688720703125
265,0.74920654296875,0.09652658928198161,-0.600341796875,-0.26243565792224083,0.9210049938597408,0.3237004614992684,0.04251047600073161,-0.21234130859375,-0.40777587890625,-0.33549473995349083,0.8366854358277592,-0.1450495385007316,-0.28608729129650917,-0.1599421166257316,0.8314364123902592,-0.4485163353757316,-0.1796574927492684,-0.1538841222042224,0.91143798828125,-0.33647130245349083,-0.1790471411867684,-0.06948801506323161,0.862060546875,-0.4688720703125
266,0.74920654296875,0.096435546875,-0.600341796875,-0.26239013671875,0.92095947265625,0.32380007740645905,0.04243658059416806,-0.21233702184364547,-0.4077801656563545,-0.33544921875,0.8367266702811454,-0.14495420934364547,-0.2861370992501045,-0.15985536096885453,0.83148193359375,-0.4484210062186455,-0.17975710865645902,-0.15374755859375,0.91143798828125,-0.33642578125,-0.17914675709395902,-0.06940125940635451,0.862060546875,-0.4688720703125
267,0.74920654296875,0.096435546875,-0.600341796875,-0.26239013671875,0.92095947265625,0.32389969331364965,0.04263581240854933,-0.21228721389005017,-0.4078299736099498,-0.33544921875,0.8366768623275501,-0.14490440139005017,-0.2861869072036998,-0.15990516892244983,0.83148193359375,-0.4483711982650502,-0.17985672456364968,-0.15374755859375,0.91143798828125,-0.33642578125,-0.17924637300114968,-0.06945106735994984,0.862060546875,-0.4688720703125
268,0.7492494104697951,0.09647841437604515,-0.6002989293739549,-0.26234726921770485,0.92095947265625,0.32387070671770485,0.0425778392166597,-0.2122802734375,-0.40787978156354515,-0.33544921875,0.836669921875,-0.14494032843854515,-0.28615098015520485,-0.1598263743729097,0.83148193359375,-0.4484499928145903,-0.17982773796770485,-0.15370469109270485,0.91143798828125,-0.33646864875104515,-0.1791745189041597,-0.0693722728104097,0.862060546875,-0.4688720703125
269,0.749330858721781,0.09649658203125,-0.600217481121969,-0.2623291015625,0.92095947265625,0.3238841793608905,0.0426364248014214,-0.21215371224393814,-0.40783466862196904,-0.3354175784516095,0.8367015621733904,-0.14495849609375,-0.2861644527983905,-0.15975839876410952,0.8315135738921404,-0.44842304752821904,-0.17977793001410952,-0.15371816373589048,0.91143798828125,-0.33648681640625,-0.17913818359375,-0.0693359375,0.862060546875,-0.4688720703125
270,0.7493896484375,0.09649658203125,-0.60015869140625,-0.2623291015625,0.92095947265625,0.32391357421875,0.042724609375,-0.2120361328125,-0.40783711819345736,-0.3354085966894858,0.8366901308397784,-0.14499932228522158,-0.28623467384772155,-0.15974941700198578,0.8314817294627926,-0.44842549709970736,-0.17974853515625,-0.15374755859375,0.91143798828125,-0.33648681640625,-0.17913818359375,-0.0693359375,0.862060546875,-0.4688720703125
271,0.7494080202236622,0.0964873961381689,-0.6001403196200878,-0.2623199156694189,0.9209686585493311,0.3239227601118311,0.04276135294732441,-0.21199020334709448,-0.4079406125888378,-0.3354308469638378,0.8366272585049122,-0.1450713805131689,-0.2863067320756689,-0.1597716672763378,0.8313782350674122,-0.4485381773881689,-0.1797669069424122,-0.1537291868075878,0.9114288023881689,-0.3365143740854933,-0.1791565553799122,-0.0693267516069189,0.8620513609819189,-0.4688812562055811
272,0.7495076361308528,0.09643758818457358,-0.6000407037128972,-0.2622701077158236,0.9210184665029264,0.3239725680654264,0.04296058476170568,-0.2117411635791179,-0.40784099668164714,-0.33533123105664714,0.8367268744121028,-0.14502157255957357,-0.2862569241220736,-0.15967205136914717,0.8314778509746028,-0.4484883694345736,-0.17986652284960283,-0.15362957090039717,0.9113789944345736,-0.33666379794627926,-0.17925617128710283,-0.06927694365332358,0.8620015530283236,-0.4689310641591764
273,0.7495594853940217,0.09619671365489131,-0.5999888544497283,-0.26226806640625,0.9209727411684783,0.3241179093070652,0.04320758322010869,-0.21158765709918478,-0.40788468070652173,-0.33527938179347827,0.83673095703125,-0.14497176460597827,-0.28635041610054346,-0.15962020210597827,0.83148193359375,-0.44843856148097827,-0.17991837211277173,-0.15362548828125,0.9114247197690217,-0.33657438858695654,-0.1793557871942935,-0.06927490234375,0.86199951171875,-0.46888533882472827
274,0.74957275390625,0.09613037109375,-0.5999755859375,-0.26226806640625,0.92095947265625,0.32415771484375,0.04327392578125,-0.2115478515625,-0.4079710281014841,-0.33530265272261706,0.8366578781485159,-0.1450315749764841,-0.2864500320077341,-0.15964347303511706,0.8314088547110159,-0.44846183241011706,-0.179931640625,-0.15362548828125,0.91143798828125,-0.3365478515625,-0.17938232421875,-0.06927490234375,0.86199951171875,-0.4688720703125
275,0.7496233783836748,0.09607974661632525,-0.5999249614600752,-0.2622427541675376,0.92095947265625,0.32420833932117477,0.04327392578125,-0.21147191484636288,-0.40796939505382523,-0.3353018361987876,0.8366595111961748,-0.14502994192882526,-0.2864737111987876,-0.15959203203386288,0.8314104877586748,-0.44843570364757523,-0.18000757734113712,-0.15357486380382526,0.9114126760425376,-0.3365478515625,-0.17945826093488712,-0.06924959010503763,0.86199951171875,-0.4688467580737876
276,0.74969482421875,0.09600830078125,-0.599853515625,-0.26220703125,0.9209735576923077,0.3242657001201923,0.04333026592548076,-0.2113365760216346,-0.40792611929086536,-0.33529428335336536,0.8367027869591346,-0.14500075120192307,-0.2864802433894231,-0.15952711838942307,0.8314537635216346,-0.4483783428485577,-0.18011474609375,-0.15350341796875,0.911376953125,-0.3365478515625,-0.1795935997596154,-0.06924203725961538,0.8619854266826923,-0.4688251201923077
277,0.7497005398855561,0.09600258511444398,-0.599850657791597,-0.26220417341659696,0.921017649979097,0.32422160783340304,0.04351235073944398,-0.21124839144805602,-0.40801716169784696,-0.335382467926944,0.836611744552153,-0.14513588589569398,-0.28661823591659696,-0.15966225308319398,0.8313655789480561,-0.44842243513534696,-0.180117603927153,-0.15350341796875,0.911376953125,-0.3365478515625,-0.179684642166597,-0.06933022183319398,0.861941334395903,-0.46886921247909696
278,0.7498001557927466,0.09590296920725334,-0.5998008498380016,-0.2621543654630017,0.9209678420255016,0.3242714157869983,0.04341273483225335,-0.21134800735524664,-0.4079673537442517,-0.33528285201975333,0.8366615525057484,-0.14503626998850336,-0.2865684279630017,-0.15956263717600336,0.8314651948552466,-0.4483726271817517,-0.18016741188074833,-0.15350341796875,0.911376953125,-0.3365478515625,-0.17963483421300167,-0.06923060592600334,0.8619911423494984,-0.4688194045255017
279,0.7498997716999373,0.09584479188440635,-0.5997096033000627,-0.26206311892506273,0.92095947265625,0.32432122374059363,0.04339599609375,-0.21136474609375,-0.407958984375,-0.33526611328125,0.836669921875,-0.14501953125,-0.28660149717809363,-0.1594630212688127,0.83148193359375,-0.44832281922815637,-0.18021721983434363,-0.15346197938440637,0.911376953125,-0.3365478515625,-0.17966790342809363,-0.06917242860315635,0.86199951171875,-0.46881103515625
280,0.74993896484375,0.0958251953125,-0.59967041015625,-0.26202392578125,0.92095947265625,0.3243408203125,0.04339599609375,-0.21136474609375,-0.4080194071383779,-0.3353265360446279,0.8366094991116221,-0.14501953125,-0.2867117278950669,-0.15945403950668896,0.8314215108303721,-0.44833343403793896,-0.18023681640625,-0.1534423828125,0.911376953125,-0.3365478515625,-0.1796875,-0.06915283203125,0.86199951171875,-0.46881103515625
281,0.7499769332018186,0.0958251953125,-0.5996514259772158,-0.2620049416022157,0.9209784568352842,0.3243028519544314,0.04339599609375,-0.2113457619147157,-0.4080620705084657,-0.3353502152356814,0.8365858199205686,-0.14501953125,-0.2867852150397157,-0.15944689492318145,0.8313788474602842,-0.4483642578125,-0.1802558005852843,-0.15340441445443145,0.911376953125,-0.3365858199205686,-0.17972546835806855,-0.06911486367318144,0.8619805275397158,-0.4688300193352843
282,0.75006103515625,0.0958251953125,-0.599609375,-0.261962890625,0.9210282647888796,0.32421875,0.0433882391173704,-0.21128044000836121,-0.40803553348400917,-0.33525059932849083,0.8366621648986204,-0.14504280217913879,-0.28675867801525917,-0.1593472790159908,0.8314131414611204,-0.4483720147888796,-0.1802978515625,-0.1533203125,0.911376953125,-0.336669921875,-0.17981732728887959,-0.0690074907896112,0.8619384765625,-0.4688798272888796
283,0.75006103515625,0.0958251953125,-0.599609375,-0.261962890625,0.9210780727424749,0.32421875,0.04333843116377508,-0.21113101614757526,-0.4081351493911998,-0.3351509834213002,0.8366123569450251,-0.14519222603992474,-0.2868582939224498,-0.15924766310880017,0.8313633335075251,-0.44842182274247494,-0.1802978515625,-0.1533203125,0.911376953125,-0.336669921875,-0.1798671352424749,-0.06885806692882525,0.8619384765625,-0.46892963524247494
284,0.75006103515625,0.09577885758517976,-0.5995630372726798,-0.2620092283523202,0.9210352052414298,0.3242650877273202,0.0433349609375,-0.21112060546875,-0.4080957521164298,-0.3351903806960702,0.83660888671875,-0.14515629899142976,-0.286865234375,-0.15928706038357024,0.8314062010085702,-0.4483789552414298,-0.18034418928982024,-0.15308862386339883,0.911376953125,-0.336669921875,-0.17987060546875,-0.06884765625,0.8619848142898202,-0.4688867677414298
285,0.75006103515625,0.0958343812055811,-0.5995132293190845,-0.2620941468305811,0.9210205078125,0.3244202272549122,0.043440292511496656,-0.2109801633700878,-0.4080810546875,-0.33516996760033446,0.83660888671875,-0.14517671208716554,-0.2867950133256689,-0.15926664728783446,0.8314208984375,-0.44839936833716554,-0.18032377619408446,-0.1530853577680811,0.911376953125,-0.33663481135033446,-0.17987060546875,-0.06884765625,0.86199951171875,-0.4688018492631689
286,0.75006103515625,0.09588623046875,-0.5994873046875,-0.26214599609375,0.9210205078125,0.32452392578125,0.04351806640625,-0.21087646484375,-0.40812882133152173,-0.33514404296875,0.83660888671875,-0.14513098675271738,-0.2868148140285326,-0.15924072265625,0.8314208984375,-0.4483536430027174,-0.1802978515625,-0.15313720703125,0.911376953125,-0.33660888671875,-0.17987060546875,-0.06884765625,0.86199951171875,-0.46875
287,0.7500736912756062,0.09592419882681856,-0.5994746485681438,-0.26214599609375,0.9210205078125,0.32452392578125,0.043568690883674745,-0.2108638087243938,-0.4081904688806438,-0.33514404296875,0.83660888671875,-0.14505749960806857,-0.2869009572925376,-0.15924072265625,0.8314208984375,-0.4482801558580686,-0.1802851954431438,-0.1531245509118938,0.911376953125,-0.3366341989574624,-0.17984529323003762,-0.06884765625,0.8619868555993938,-0.4687753122387124
288,0.7501220703125,0.0960693359375,-0.59942626953125,-0.26214599609375,0.9210190788957985,0.324529641448056,0.043760778114548496,-0.21081114293739547,-0.40814208984375,-0.3351426140520485,0.83660888671875,-0.14520406563545152,-0.28680419921875,-0.159237864822847,0.8314194695207985,-0.4484267218854515,-0.18023681640625,-0.153076171875,0.911376953125,-0.33673095703125,-0.17974853515625,-0.0688462273332985,0.8619384765625,-0.4688734992292015
289,0.7501220703125,0.0960693359375,-0.59942626953125,-0.26214599609375,0.9209692709422032,0.32472887326243727,0.043710970160953176,-0.21066171907660952,-0.40814208984375,-0.33509280609845316,0.83660888671875,-0.14525387358904682,-0.28680419921875,-0.15913824891565637,0.8313696615672032,-0.44847652983904684,-0.18023681640625,-0.153076171875,0.911376953125,-0.33673095703125,-0.17974853515625,-0.06879641937970318,0.8619384765625,-0.46892330718279684
290,0.7500820606448578,0.09598931660221571,-0.59942626953125,-0.26214599609375,0.9209194629886078,0.3248080760738921,0.04378119121028428,-0.21067233388639214,-0.40814208984375,-0.3350830078125,0.83660888671875,-0.14522366220735786,-0.28680419921875,-0.15915866201139214,0.8313998729488922,-0.4484063087897157,-0.1801567970709657,-0.1531561912102843,0.911376953125,-0.3366909473636079,-0.1798285544915343,-0.06878662109375,0.8619784862301422,-0.4688530861334657
291,0.75006103515625,0.09591848316001254,-0.5994550519962375,-0.26211721362876256,0.9208984375,0.3249442314224498,0.04393837204744983,-0.2105494470500627,-0.40817087230873744,-0.33502544288252506,0.8366376691837375,-0.14517385425376253,-0.28686176414872494,-0.15915090503501253,0.8314208984375,-0.4483642578125,-0.1801723110237249,-0.15316945972251253,0.9114057355899875,-0.33661235694502506,-0.17987060546875,-0.06878662109375,0.86199951171875,-0.46878225269126256
292,0.75006103515625,0.09588623046875,-0.5994873046875,-0.2620849609375,0.9208984375,0.3250732421875,0.0440673828125,-0.21038818359375,-0.408203125,-0.33499604802466554,0.8366523666126672,-0.14512404630016723,-0.28692626953125,-0.15913620760608277,0.8314208984375,-0.44834670255016723,-0.18023681640625,-0.15313720703125,0.91143798828125,-0.3365478515625,-0.17987060546875,-0.06878662109375,0.86199951171875,-0.46875
293,0.75006103515625,0.0958925585284281,-0.599493632747178,-0.2620723048181438,0.920904765559678,0.3250795702471781,0.044118007289924745,-0.21035021523568145,-0.4082157811193562,-0.3350703516931438,0.83660888671875,-0.1450868944659281,-0.2869325975909281,-0.1591733594403219,0.831414570377822,-0.4483095507159281,-0.1802494725256062,-0.1531435350909281,0.911431660221572,-0.3365605076818562,-0.1798769335284281,-0.0687929491534281,0.86199951171875,-0.46875
294,0.75006103515625,0.09594236648202341,-0.5995434407007734,-0.26197268891095316,0.9209545735132734,0.3251293782007734,0.04451647091868728,-0.21005136751410955,-0.40831539702654684,-0.33497073578595316,0.83660888671875,-0.14513670241952342,-0.2869824055445234,-0.15912355148672658,0.8313647624242266,-0.4483593586695234,-0.18034908843279682,-0.15319334304452342,0.9113818522679766,-0.33666012358904684,-0.17992674148202342,-0.06884275710702341,0.86199951171875,-0.46875
295,0.7501059439668687,0.09599217443561874,-0.59954833984375,-0.26191798181438125,0.92095947265625,0.32513427734375,0.04460057287311873,-0.20997706384563128,-0.40828028650188125,-0.33500584631061875,0.83660888671875,-0.14518651037311872,-0.2869873046875,-0.15916356115436872,0.8313149544706313,-0.44840916662311875,-0.18026906909751253,-0.15324315099811872,0.911376953125,-0.33671483068561875,-0.17988673181438128,-0.06889256506061874,0.86199951171875,-0.46879490881061875
296,0.7501220703125,0.09600830078125,-0.59954833984375,-0.26190185546875,0.92095947265625,0.32513427734375,0.04461669921875,-0.2099609375,-0.40826416015625,-0.33502197265625,0.83660888671875,-0.14520263671875,-0.2869873046875,-0.1591796875,0.831298828125,-0.44842529296875,-0.18023681640625,-0.15325927734375,0.911376953125,-0.33673095703125,-0.17987060546875,-0.06890869140625,0.86199951171875,-0.46881103515625
297,0.7501220703125,0.09600830078125,-0.59954833984375,-0.26187940106344065,0.9209370182509407,0.32513427734375,0.04459424481344064,-0.20998339190530937,-0.40828661456155935,-0.33499951825094065,0.8365864323134407,-0.14520263671875,-0.2869873046875,-0.15915723309469063,0.831298828125,-0.44842529296875,-0.18025927081155937,-0.15323682293844063,0.9113544987196907,-0.33677586584186875,-0.17989305987405937,-0.06888623700094064,0.8619546029081313,-0.46885594396686875
298,0.7501220703125,0.09600830078125,-0.59954833984375,-0.2618408203125,0.9208984375,0.32513427734375,0.0445556640625,-0.21002197265625,-0.4083139681098453,-0.33498339190530935,0.8365478515625,-0.14520263671875,-0.2869873046875,-0.15912987954640467,0.831298828125,-0.4484365201714047,-0.1802978515625,-0.1531982421875,0.91131591796875,-0.33685302734375,-0.179931640625,-0.06884765625,0.86187744140625,-0.46893310546875
299,0.7501220703125,0.09600830078125,-0.59954833984375,-0.2618408203125,0.9208984375,0.32513427734375,0.0445556640625,-0.21002197265625,-0.40826416015625,-0.3350830078125,0.8365478515625,-0.14520263671875,-0.2869873046875,-0.1591796875,0.831298828125,-0.448486328125,-0.1802978515625,-0.1531982421875,0.91131591796875,-0.33685302734375,-0.179931640625,-0.06884765625,0.86187744140625,-0.46893310546875
